amp_fraction	amp_consistency	period_consistency	monotonicity	period	time_peak	time_trough	volt_peak	volt_trough	time_decay	time_rise	volt_decay	volt_rise	volt_amp	time_rdsym	time_ptsym	band_amp	sample_peak	sample_last_zerox_decay	sample_zerox_decay	sample_zerox_rise	sample_last_trough	sample_next_trough	is_burst
0.4192634560906516			0.8846153846153846	105	53	50	0.20327020712666957	0.19625859281998276	92	13	2.5864255601572625	0.007011614306686814	1.2967185872319746	0.12380952380952381	0.5145631067961165	0.7322754430215448	194	139	242	189	181	286	False
0.9971671388101983	0.5444095049769394	0.4666666666666667	1.0	225	84	101	2.3677270921001563	-2.383155353030593	128	97	3.214762257054546	4.750882445130749	3.9828223510926475	0.4311111111111111	0.4540540540540541	1.2394132692566433	383	242	427	343	286	511	False
0.6487252124645893	0.0	0.40853658536585363	1.0	164	65	133	1.8540981944264872	-0.8470351649543895	78	86	1.7701739581089895	2.7011333593808766	2.235653658744933	0.524390243902439	0.3282828282828283	0.9457204984643678	597	427	625	560	511	675	False
0.21813031161473087	0.0	0.40853658536585363	0.5	67	27	51	0.07009178581388295	0.08392423631749774	66	1	1.6356652591396241	-0.013832450503614785	0.8109164043180047	0.014925373134328358	0.34615384615384615	0.624277782519903	676	625	703	676	675	742	False
0.6657223796033994	0.34047253130611027	0.4962962962962963	1.0	135	58	89	1.2522340003017838	-1.5655734733257411	51	84	1.747726266510475	2.817807473627525	2.282766870069	0.6222222222222222	0.3945578231292517	1.080495014444349	826	703	850	792	742	877	True
0.28328611898017	0.34047253130611027	0.5510204081632653	1.0	81	41	44	0.0995605197803078	-0.4954922662086911	47	34	1.287880768153848	0.5950527859889989	0.9414667770714235	0.41975308641975306	0.4823529411764706	0.3416331297490411	911	850	935	894	877	958	True
0.3286118980169972	0.39088565424403937	0.5510204081632653	1.0	147	63	48	0.29514847710394065	-1.1883202483735402	92	55	0.5798666433088364	1.483468725477481	1.0316676843931587	0.3741496598639456	0.5675675675675675	0.5274364714432253	1013	935	1046	983	958	1105	True
0.2719546742209632	0.5927752522504647	0.6780487804878049	1.0	139	80	88	0.6700764165229616	-0.2847181662048957	77	62	0.9020433657551953	0.9547945827278572	0.9284189742415263	0.4460431654676259	0.47619047619047616	0.4955157803693786	1167	1046	1214	1134	1105	1244	True
0.6827195467422096	0.48032849342336953	0.6195121951219512	1.0	205	121	59	1.2897621754749764	-0.23196694923223374	148	57	3.168100884171227	1.5217291247072102	2.3449150044392186	0.2780487804878049	0.6722222222222223	0.5040055543914174	1301	1214	1394	1273	1244	1449	True
0.22662889518413598	0.02104003545800177	0.6195121951219512	0.9	127	60	113	-0.2910228067952682	-1.8783387086962502	25	102	0.05134899063252346	1.587315901900982	0.8193324462667527	0.8031496062992126	0.3468208092485549	0.3949137010606811	1551	1394	1567	1507	1449	1576	False
0.5637393767705382	0.02104003545800177	0.8629032258064516	1.0	124	55	46	2.0981654694899237	-0.34237179742779167	57	67	1.477468957994734	2.4405372669177154	1.9590031124562248	0.5403225806451613	0.5445544554455446	0.6725956177979338	1643	1567	1668	1613	1576	1700	False
0.3654390934844193	0.03646050406360598	0.8629032258064516	1.0	107	58	43	0.7033387222998758	0.6206965114951897	84	23	2.2666228272794964	0.08264221080468614	1.1746325190420912	0.21495327102803738	0.5742574257425742	0.7376022439193473	1723	1668	1769	1711	1700	1807	False
0.7648725212464589	0.07036794272196314	0.7226890756302521	1.0	119	57	71	1.9406306776495348	-1.5632841049796207	53	66	1.7083070359944257	3.5039147826291552	2.6061109093117905	0.5546218487394958	0.4453125	1.2724061875299286	1873	1769	1897	1840	1807	1926	False
0.2804532577903683	0.068237040933177	0.5276073619631901	1.0	86	43	40	0.35253369331549145	0.23232364165510908	64	22	1.7616539348196731	0.12021005166038237	0.9409319932400277	0.2558139534883721	0.5180722891566265	0.43062461775351507	1948	1897	1980	1937	1926	2012	False
0.18413597733711048	0.1709852541462518	0.5276073619631901	0.872	163	118	59	-0.4379871222869098	-1.4091202415041817	38	125	0.5073059010233245	0.9711331192172719	0.7392195101202982	0.7668711656441718	0.6666666666666666	0.5044963795734471	2137	1980	2157	2039	2012	2175	False
0.7677053824362606	0.1709852541462518	0.9011627906976745	1.0	172	62	51	2.02166400205642	-0.9452930233102342	108	64	2.249853940954349	2.966957025366654	2.6084054831605012	0.37209302325581395	0.5486725663716814	0.934866734551074	2239	2157	2270	2208	2175	2347	False
0.3881019830028329	0.45409987413406006	0.9011627906976745	0.9380952380952381	155	101	101	0.7934684525094595	-0.22818993889792932	105	50	1.4027652363677938	1.021658391407389	1.2122118138875915	0.3225806451612903	0.5	0.48474164925086655	2397	2270	2472	2371	2347	2502	True
0.5184135977337111	0.6447193824224189	0.8764705882352941	1.0	149	64	54	0.7553786670823239	-0.6092967838583342	101	48	2.116696795764278	1.3646754509406582	1.7406861233524682	0.3221476510067114	0.5423728813559322	0.7565367312447712	2550	2472	2590	2526	2502	2651	True
0.660056657223796	0.7291601835083131	0.8764705882352941	0.8928571428571428	170	83	90	1.2578146041778466	-1.3613181286819542	112	58	1.909767304124682	2.619132732859801	2.2644500184922416	0.3411764705882353	0.4797687861271676	0.8143113437115751	2709	2590	2763	2680	2651	2821	True
0.6968838526912181	0.6065256657073991	0.8253968253968254	0.916058394160584	189	121	84	1.141656925642318	-0.6519526999468355	137	52	2.9571866896963748	1.7936096255891534	2.3753981576427643	0.2751322751322751	0.5902439024390244	0.7323646436122936	2873	2763	2968	2847	2821	3010	True
0.6458923512747875	0.0899914924371418	0.8253968253968254	0.9117647058823529	156	89	74	1.133144189854931	-1.8155297640540569	54	102	1.5195589153426856	2.9486739539089877	2.234116434625837	0.6538461538461539	0.5460122699386503	0.7280158004865191	3112	2968	3131	3042	3010	3166	False
0.23512747875354106	0.08767596193092268	0.7513227513227513	0.8728846910665092	142	51	44	-0.249667350849902	-0.3864147254877547	121	21	1.5596906110433317	0.1367473746378527	0.8482189928405922	0.14788732394366197	0.5368421052631579	0.30749380690610373	3187	3131	3226	3175	3166	3308	False
0.8895184135977338	0.45222091639406825	0.6823104693140795	1.0	189	110	117	1.6395992943965374	-1.8093579618932338	114	75	2.485130298085363	3.4489572562897712	2.967043777187567	0.3968253968253968	0.4845814977973568	0.9093658815761658	3383	3226	3453	3343	3308	3497	False
0.9093484419263456	0.7195976533088946	0.6823104693140795	0.873297434273044	277	135	151	1.7852089179290904	-0.8455310036888255	123	154	3.655848389056161	2.630739921617916	3.1432941553370384	0.555956678700361	0.47202797202797203	0.7930151187999441	3651	3453	3739	3604	3497	3774	False
0.9206798866855525	0.18401142309768975	0.455	1.0	200	113	68	1.5287624919694132	-1.8706394711270704	131	69	2.977664068115434	3.3994019630964836	3.188533015605959	0.345	0.6243093922651933	1.0353172388321392	3843	3739	3920	3807	3774	3974	False
0.11614730878186968	0.13477159603327404	0.34600760456273766	1.0	91	46	75	-0.9009773734652434	-1.4489015761460207	46	45	0.44337051175823794	0.5479242026807772	0.4956473572195076	0.4945054945054945	0.38016528925619836	0.4765198982023622	4019	3920	4041	3995	3974	4065	False
0.8356940509915014	0.026194321353446383	0.34600760456273766	1.0	263	108	123	1.9454440650682798	-1.3443478852234814	119	144	2.2390782046261344	3.289791950291761	2.7644350774589475	0.5475285171102662	0.4675324675324675	0.5090396936595469	4209	4041	4272	4164	4065	4328	False
0.14447592067988668	0.026194321353446383	0.5133079847908745	1.0	135	55	66	-0.23498300553037993	-0.29363413955785467	114	21	1.203804236885737	0.05865113402747474	0.6312276854566058	0.15555555555555556	0.45454545454545453	0.42816211173208385	4349	4272	4393	4338	4328	4463	False
0.5835694050991501	0.393296202465088	0.8814814814814815	1.0	119	57	108	1.5262932666332878	-1.4387872424161168	46	73	1.1661549042123809	2.965080509049405	2.065617706630893	0.6134453781512605	0.34545454545454546	0.8335098075367522	4536	4393	4558	4501	4463	4582	False
0.45042492917847027	0.30969487813456986	0.7533333333333333	1.0	113	52	43	1.025633420085245	0.3601383624209069	74	39	2.1488733093453503	0.6654950576643381	1.4071841835048442	0.34513274336283184	0.5473684210526316	0.6649073745469416	4621	4558	4653	4601	4582	4695	False
0.5977337110481586	0.13211298380988398	0.6466666666666666	1.0	150	60	103	1.78490581065182	-1.123239889260105	53	97	1.286886249923418	2.908145699911925	2.0975159749176715	0.6466666666666666	0.36809815950920244	0.8481196183887518	4792	4653	4816	4756	4695	4845	False
0.3937677053824363	0.07526748792534096	0.31189710610932475	1.0	97	47	41	0.6680339430296971	0.49801956072840226	72	25	2.25880239911733	0.17001438230129484	1.2144083907093124	0.25773195876288657	0.5340909090909091	0.5671541851949012	4870	4816	4904	4857	4845	4942	False
0.8781869688385269	0.7363499539905637	0.31189710610932475	0.9381443298969072	311	126	110	1.4767979732657075	-1.590768456087633	194	117	2.767581139883566	3.0675664293533407	2.9175737846184533	0.3762057877813505	0.5338983050847458	0.545082387344471	5059	4904	5140	5014	4942	5253	False
0.7903682719546742	0.8770193170850874	0.5022421524663677	1.0	223	127	152	1.1744245162072757	-1.2907831666178584	128	95	2.8108932549155727	2.465207682825134	2.6380504688703534	0.4260089686098655	0.4551971326164875	0.8189889726250991	5348	5140	5419	5292	5253	5476	False
0.7280453257790368	0.19751767091248096	0.5022421524663677	1.0	112	53	89	1.559571477374814	-1.636468738708297	50	62	1.7404773325121214	3.196040216083111	2.4682587742976163	0.5535714285714286	0.3732394366197183	1.2598356684577385	5538	5419	5561	5508	5476	5588	False
0.20679886685552407	0.19751767091248096	0.37333333333333335	1.0	84	41	41	0.16286917385645444	-0.18090585513730745	55	29	1.2302783927696601	0.3437750289937619	0.7870267108817111	0.34523809523809523	0.5	0.4575974291355728	5617	5561	5643	5602	5588	5672	False
0.8555240793201133	0.4283459807634993	0.37333333333333335	1.0	225	115	95	1.804751249539814	-1.0674092189132056	116	109	2.777037641260376	2.8721604684530195	2.824599054856698	0.48444444444444446	0.5476190476190477	0.9102527096422792	5781	5643	5853	5738	5672	5897	True
0.7308781869688386	0.8205205211648198	0.4957983193277311	1.0	238	105	89	1.3063299809807236	-0.972286391720562	152	86	2.7240122762302494	2.2786163727012854	2.5013143244657674	0.36134453781512604	0.5412371134020618	0.7775193019147086	5983	5853	6047	5942	5897	6135	True
0.6685552407932012	0.4916038377531279	0.4957983193277311	1.0	118	42	127	0.8471263943838951	-1.4176822952495258	60	58	2.3226483898990815	2.264808689633421	2.293728539766251	0.4915254237288136	0.2485207100591716	1.10878868294612	6193	6047	6216	6174	6135	6253	True
0.1274787535410765	0.0	0.4050632911392405	0.3885350318471338	158	123	72	-0.3336991332896746	-1.4755219955151864	1	157	-0.001897342023047921	1.1418228622255118	0.5699627601012319	0.9936708860759493	0.6307692307692307	0.3509354752394825	6410	6216	6411	6288	6253	6411	False
0.0113314447592068	0.0	0.270042194092827	0.5	64	25	39	0.028962013546835162	-0.3318017912666267	1	63	-0.005875816481772968	0.3607638048134618	0.17744399416584442	0.984375	0.390625	0.08377130522847906	6474	6411	6475	6450	6411	6475	False
0.546742209631728	0.0	0.270042194092827	0.9285714285714286	237	127	75	1.5992014575051474	0.03483783002860813	126	111	2.09585356359985	1.5643636274765393	1.8301085955381946	0.46835443037974683	0.6287128712871287	0.3599465719887639	6586	6475	6677	6550	6475	6712	False
0.17280453257790368	0.1040404336243336	0.4050632911392405	1.0	96	46	53	0.041471674108099245	-0.49665210609470245	57	39	0.893414077455711	0.5381237802028017	0.7157689288292564	0.40625	0.46464646464646464	0.45659199254380195	6751	6677	6776	6730	6712	6808	False
0.0056657223796034	0.05691550395800961	0.35960591133004927	1.0	73	38	45	-0.7589912153230356	-0.8519424033476117	44	29	0.15852362786042407	0.09295118802457614	0.1257374079425001	0.3972602739726027	0.4578313253012048	0.2956609120971868	6837	6776	6859	6821	6808	6881	False
0.7705382436260623	0.05691550395800961	0.35960591133004927	1.0	203	106	74	1.8677302453494926	-0.9175148431834597	111	92	2.4328278536333947	2.7852450885329523	2.6090364710831735	0.45320197044334976	0.5888888888888889	0.6836160323298444	6973	6859	7039	6933	6881	7084	False
0.254957507082153	0.21356160926552853	0.5172413793103449	1.0	105	50	64	-0.04553897679595239	-0.5650976082839019	66	39	1.2559808237712613	0.5195586314879495	0.8877697276296054	0.37142857142857144	0.43859649122807015	0.6230110421523406	7123	7039	7153	7103	7084	7189	False
0.7450424929178471	0.12594010511354947	0.455	1.0	200	101	84	1.6272035811622687	-1.3015198005672137	113	87	2.1606829055082035	2.9287233817294824	2.544703143618843	0.435	0.5459459459459459	0.733672685723918	7276	7153	7338	7237	7189	7389	False
0.11331444759206799	0.12594010511354947	0.33455882352941174	1.0	91	45	67	-0.26136269210918217	-0.5334793243459348	56	35	0.7157142273051978	0.27211663223675264	0.49391542977097525	0.38461538461538464	0.4017857142857143	0.33751470485509605	7424	7338	7450	7405	7389	7480	False
0.5949008498583569	0.0	0.17279411764705882	1.0	272	121	112	1.3083458504451613	-0.97707691941438	142	130	1.9043086442830601	2.285422769859541	2.0948657070713006	0.47794117647058826	0.51931330472103	0.35128280432713993	7610	7450	7683	7562	7480	7752	False
0.0169971671388102	0.0	0.17279411764705882	0.5	47	19	70	-0.6019810555738475	-0.5959627938378989	46	1	0.4102968596948996	-0.00601826173594866	0.20213929897947547	0.02127659574468085	0.21348314606741572	0.10860792120186705	7753	7683	7772	7753	7752	7799	False
0.5495750708215298	0.16933469090477254	0.3032258064516129	1.0	155	53	105	1.4107156101727414	-1.012277915268747	46	109	1.2597903754533428	2.4229935254414885	1.8413919504474157	0.7032258064516129	0.33544303797468356	0.6000436982103698	7908	7772	7930	7877	7799	7954	False
0.4447592067988669	0.2722331165740236	0.71875	0.9325396825396826	161	51	41	0.7390377559004477	0.15092523471939862	126	35	2.1603268866854926	0.5881125211810492	1.3742197039332709	0.21739130434782608	0.5543478260869565	0.3518999239935789	7989	7930	8022	7971	7954	8115	True
0.8385269121813032	0.7347902794359021	0.71875	1.0	224	115	143	1.471766847285509	-1.4212891307850448	127	97	2.678348373982561	2.893055978070554	2.7857021760265575	0.4330357142857143	0.44573643410852715	0.8004410496938884	8212	8022	8280	8165	8115	8339	True
0.8753541076487252	0.509133660875844	0.5408163265306123	0.8863636363636364	196	135	91	0.761442823448288	-1.2065815266970523	132	64	3.8654375095919216	1.9680243501453403	2.916730929868631	0.32653061224489793	0.5973451327433629	1.0977786746767795	8403	8280	8506	8371	8339	8535	True
0.9773371104815864	0.28063629303321497	0.5408163265306123	1.0	106	52	58	2.101108879529985	-3.1039946861436336	46	60	1.728766378575845	5.205103565673618	3.4669349721247316	0.5660377358490566	0.4727272727272727	1.807780157938334	8595	8506	8616	8564	8535	8641	True
0.24079320113314448	0.28063629303321497	0.6280193236714976	1.0	130	51	41	0.8574970889581206	0.3723425009541399	95	35	1.2248890134431272	0.4851545880039807	0.8550218007235539	0.2692307692307692	0.5543478260869565	0.529372201477323	8676	8616	8708	8657	8641	8771	True
0.9405099150141643	0.43107960950972307	0.6280193236714976	1.0	207	79	101	2.4740531042794536	-0.36739192448500646	136	71	3.6939642517121802	2.84144502876446	3.2677046402383203	0.34299516908212563	0.4388888888888889	0.9801846580114323	8842	8708	8888	8809	8771	8978	True
0.8016997167138811	0.12671822971432056	0.4381443298969072	1.0	194	87	123	1.439899409313688	-1.2199111474327267	125	69	2.653614313680394	2.6598105567464145	2.656712435213404	0.3556701030927835	0.4142857142857143	0.8497196772849488	9047	8888	9098	9011	8978	9172	False
0.028328611898016998	0.06606267717325051	0.39906103286384975	1.0	85	45	97	-0.8774535961925443	-1.2137149043667055	36	49	0.17314842347744452	0.3362613081741612	0.2547048658258029	0.5764705882352941	0.31690140845070425	0.29051334105430865	9221	9098	9240	9195	9172	9257	False
0.7875354107648725	0.06606267717325051	0.39906103286384975	1.0	213	94	59	1.5703699252507386	-1.0506020196699888	136	77	2.6523807742923577	2.6209719449207274	2.6366763596065423	0.3615023474178404	0.6143790849673203	0.5756905867146609	9334	9240	9393	9299	9257	9470	False
0.06232294617563739	0.0890079183461042	0.4413145539906103	1.0	94	48	107	-0.5862674400310304	-1.0820108490416191	33	61	0.2215365410987502	0.4957434090105888	0.3586399750546695	0.648936170212766	0.3096774193548387	0.38673944475429006	9531	9393	9548	9500	9470	9564	False
0.5807365439093485	0.0890079183461042	0.831858407079646	1.0	113	53	50	1.681149195342823	-0.8078039811297806	49	64	1.5774086209934053	2.4889531764726036	2.0331808987330042	0.5663716814159292	0.5145631067961165	0.7425427338183158	9628	9548	9651	9598	9564	9677	False
0.43059490084985835	0.18198528569961084	0.6716417910447762	1.0	135	51	42	0.5086773546470944	0.10374057434941769	103	32	2.225107259309276	0.4049367802976767	1.3150220198034765	0.23703703703703705	0.5483870967741935	0.6443554263853983	9709	9651	9744	9693	9677	9812	False
0.9830028328611898	0.2283198633692644	0.43781094527363185	1.0	201	96	110	2.220345203002794	-1.7164299046621818	122	79	3.2038111187389298	3.936775107664976	3.570293113201953	0.39303482587064675	0.46601941747572817	1.029330280468911	9891	9744	9950	9854	9812	10013	False
0.15864022662889518	0.2283198633692644	0.3283582089552239	1.0	88	44	84	-0.2519721988447331	-0.9834659157361357	44	44	0.6451579072821007	0.7314937168914026	0.6883258120867517	0.5	0.34375	0.5119069391893706	10057	9950	10078	10034	10013	10101	False
0.7790368271954674	0.236060210336031	0.3283582089552239	0.8791527313266444	268	101	122	1.8358925678923086	-0.8971301061268337	130	138	2.5094987268526623	2.7330226740191423	2.6212607004359025	0.5149253731343284	0.452914798206278	0.5014159622496736	10239	10078	10301	10200	10101	10369	False
0.43626062322946174	0.14644653700638716	0.3880597014925373	1.0	104	50	93	0.8220501164813059	-0.6736061589603535	53	51	1.1712498964041715	1.4956562754416594	1.3334530859229154	0.49038461538461536	0.34965034965034963	0.6700899811857924	10420	10301	10444	10394	10369	10473	False
0.13314447592067988	0.14644653700638716	0.81	1.0	100	51	44	-0.1776742886253851	-0.3491997799228657	69	31	1.0430954276582385	0.17152549129748063	0.6073104594778596	0.31	0.5368421052631579	0.31352275460012474	10504	10444	10539	10488	10473	10573	False
0.1048158640226629	0.16570535952860735	0.6377952755905512	1.0	81	41	55	-0.764399534076986	-1.2207697162836235	38	43	0.4868328866664424	0.4563701822066375	0.47160153443653996	0.5308641975308642	0.4270833333333333	0.37684401312267446	10616	10539	10635	10594	10573	10654	False
0.5779036827195467	0.02705626934080898	0.6377952755905512	1.0	127	58	53	1.6867104922158576	-1.2512324207434284	59	68	1.1260503994293531	2.937942912959286	2.0319966561943197	0.5354330708661418	0.5225225225225225	0.8798304189124908	10722	10635	10746	10688	10654	10781	False
0.24362606232294617	0.01807577340004049	0.397196261682243	1.0	85	48	43	0.5911268156847905	0.5606600927865044	68	17	1.6855003779931135	0.030466722898286114	0.8579835504456998	0.2	0.5274725274725275	0.6289356805632003	10798	10746	10837	10789	10781	10866	False
0.7082152974504249	0.7510363118741552	0.397196261682243	0.935483870967742	214	126	58	1.002410063226521	-1.094373562308323	155	59	2.7530859432449324	2.0967836255348438	2.424934784389888	0.2757009345794392	0.6847826086956522	0.8399054876539747	10925	10837	11021	10895	10866	11080	True
0.9348441926345609	0.6447879967968968	0.9018691588785047	0.9700854700854701	193	72	101	1.915040277399878	-1.7506758800184115	117	76	2.824829266828737	3.6657161574182897	3.2452727121235134	0.39378238341968913	0.4161849710982659	1.175106909231169	11156	11021	11194	11122	11080	11273	True
0.6628895184135978	0.6447879967968968	0.9146919431279621	1.0	211	120	106	0.9116270148228887	-0.9097889894288592	155	56	2.7222130097517594	1.821416004251748	2.2718145070017535	0.26540284360189575	0.5309734513274337	0.8830079155565378	11329	11194	11420	11300	11273	11484	True
0.9886685552407932	0.11772218031711458	0.3786407766990291	1.0	206	114	102	2.18899054824559	-1.8105859949288705	134	72	3.4202733335754223	3.9995765431744603	3.7099249383749413	0.34951456310679613	0.5277777777777778	0.9621873212699249	11556	11420	11636	11522	11484	11690	False
0.0226628895184136	0.01483863637468009	0.3786407766990291	1.0	78	43	77	-0.828640751220848	-1.2312827853298325	23	55	0.045305879849644626	0.40264203410898447	0.22397395697931455	0.7051282051282052	0.35833333333333334	0.3447352189165648	11745	11636	11756	11713	11690	11768	False
0.6798866855524079	0.01483863637468009	0.6046511627906976	1.0	129	57	56	2.1792907895156954	-0.8739466310704926	52	77	1.5618775973610202	3.0532374205861883	2.3075575089736042	0.5968992248062015	0.504424778761062	0.8815466377932977	11845	11756	11869	11812	11768	11897	False
0.33994334277620397	0.10050878663785262	0.5827814569536424	1.0	88	44	40	0.8179575165713824	0.6174131921546752	63	25	1.9952914677927294	0.20054432441670722	1.0979178961047182	0.2840909090909091	0.5238095238095238	0.402632107999557	11922	11869	11953	11909	11897	11985	False
0.0708215297450425	0.0	0.5827814569536424	0.32	151	127	56	-0.4170390532438979	-1.177333951221347	1	150	-0.0063367889135597655	0.7602948979774491	0.3769790545319447	0.9933774834437086	0.6939890710382514	0.43931039990431947	12135	11953	12136	12009	11985	12136	False
0.5070821529745042	0.0	0.7592592592592593	0.9272727272727272	162	57	77	1.8520560474521264	-0.41070226433033813	52	110	1.1130860703475958	2.2627583117824646	1.6879221910650302	0.6790123456790124	0.4253731343283582	0.5555667582479923	12246	12136	12270	12213	12136	12298	False
0.49291784702549574	0.06062005137293516	0.7592592592592593	1.0	123	70	42	0.9293885179602787	0.7389699771045306	94	29	3.1411807899054933	0.19041854085574805	1.6657996653806206	0.23577235772357724	0.625	0.8505919141550894	12327	12270	12382	12312	12298	12421	False
0.7025495750708215	0.2452732249922961	0.7129629629629629	1.0	108	52	70	1.2244350067904208	-2.2117922719452148	46	62	1.3586338195472598	3.4362272787356356	2.397430549141448	0.5740740740740741	0.4262295081967213	1.2853084184477834	12483	12382	12504	12452	12421	12529	True
0.18696883852691218	0.2452732249922961	0.7129629629629629	1.0	77	39	39	0.19903768574711872	-0.13419881275683893	48	29	1.1731153230756417	0.33323649850395765	0.7531759107897997	0.37662337662337664	0.5	0.4133145750129072	12558	12504	12582	12543	12529	12606	True
0.19830028328611898	0.4551362340230439	0.8020833333333334	1.0	96	47	47	0.07374007384384478	-0.9740776373285229	47	49	0.47689980700563694	1.0478177111723677	0.7623587590890023	0.5104166666666666	0.5	0.47115557005006065	12655	12582	12676	12629	12606	12702	True
0.07932011331444759	0.5426250316266769	0.8691588785046729	1.0	107	57	63	0.022788112516155798	-0.40315973316179216	35	72	0.3806622478191718	0.42594784567794797	0.4033050467485599	0.6728971962616822	0.475	0.2751434005589693	12774	12676	12796	12739	12702	12809	False
0.20396600566572237	0.15126104281506872	0.5502958579881657	0.8666666666666667	93	39	45	-0.15131727104105597	-0.357874135303016	48	45	1.3655655178478163	0.20655686426196002	0.7860611910548881	0.4838709677419355	0.4642857142857143	0.5896092772461163	12854	12796	12880	12841	12809	12902	False
0.7818696883852692	0.4379939756890738	0.5502958579881657	1.0	169	100	51	1.6008895861750565	-1.5168827888888723	109	60	2.131387702617692	3.117772375063929	2.6245800388408105	0.35502958579881655	0.6622516556291391	0.9308949660246506	12962	12880	13031	12931	12902	13071	True
0.48158640226628896	0.6352086515895107	0.8782051282051282	1.0	156	94	64	0.8233777921516134	-0.5304981164426356	107	49	1.9421852371330521	1.3538759085942491	1.6480305728636506	0.3141025641025641	0.5949367088607594	0.7071454656979471	13120	13031	13189	13095	13071	13227	True
0.5750708215297451	0.6624462856726179	0.8782051282051282	1.0	137	67	68	1.305007310923088	-1.1188074449814387	74	63	1.6056470822074367	2.4238147559045267	2.0147309190559817	0.45985401459854014	0.4962962962962963	0.9490969835059565	13290	13189	13324	13257	13227	13364	True
0.40509915014164305	0.6743903188193138	0.9051094890510949	1.0	124	61	70	0.7821930763968256	-0.30063977128434866	65	59	1.44385045998531	1.0828328476811742	1.263341653833242	0.47580645161290325	0.46564885496183206	0.624445822156713	13423	13324	13455	13394	13364	13488	True
0.47875354107648727	0.5721200113923922	0.7456647398843931	1.0	129	64	65	0.892785506239178	-0.6616573835884844	64	65	1.5820614971771285	1.5544428898276623	1.5682521935023954	0.5038759689922481	0.49612403100775193	0.7788459056996981	13553	13455	13584	13520	13488	13617	True
0.46458923512747874	0.4570101517308562	0.7456647398843931	0.9338842975206612	173	115	58	0.2158530508504932	-0.6892759909379506	121	52	1.9805447173556336	0.9051290417884438	1.4428368795720388	0.30057803468208094	0.6647398843930635	0.5508418591000249	13669	13584	13757	13642	13617	13790	True
0.5042492917847026	0.32503911656714085	0.7722222222222223	1.0	139	67	64	0.7827206274374219	-1.7646916665051404	73	66	0.8280086415553642	2.5474122939425623	1.6877104677489632	0.4748201438848921	0.5114503816793893	0.8542002698377097	13856	13757	13888	13821	13790	13929	True
0.5014164305949008	0.46336458860183743	0.7722222222222223	1.0	180	70	71	1.0189345961693341	-0.04528801411794239	123	57	2.296728400196649	1.0642226102872765	1.6804755052419629	0.31666666666666665	0.49645390070921985	0.527437648500565	13986	13888	14029	13959	13929	14109	True
0.4985835694050991	0.4146314516329875	0.6965174129353234	1.0	140	67	113	1.084452389222192	-1.2777938040273147	71	69	0.9794615682215417	2.362246193249507	1.6708538807355242	0.4928571428571429	0.37222222222222223	0.8004302218357566	14178	14029	14209	14142	14109	14249	True
0.41359773371104813	0.23428100169802255	0.6965174129353234	0.9513888888888888	201	80	68	0.592350532128279	0.10499082100065033	144	57	2.0802357322844856	0.4873597111276287	1.2837977217060572	0.2835820895522388	0.5405405405405406	0.5768694534781545	14306	14209	14357	14277	14249	14450	True
0.9745042492917847	0.16653490749506775	0.415	1.0	200	110	130	2.231909169939822	-1.4878852001562066	129	71	3.1764788906122234	3.7197943700960288	3.448136630354126	0.355	0.4583333333333333	0.9075382756717382	14521	14357	14597	14487	14450	14650	False
0.036827195467422094	0.07254681986760401	0.415	0.95	83	46	76	-0.415575102464259	-0.9445697206724011	30	53	0.048902042977081894	0.5289946182081421	0.288948330592612	0.6385542168674698	0.3770491803278688	0.3876673196556161	14703	14597	14719	14673	14650	14733	False
0.0679886685552408	0.06100873118146906	0.6455696202531646	0.6979166666666666	102	66	45	0.20959848001442405	-0.4644771454413409	48	54	0.06639114095396509	0.6740756254557649	0.370233383204865	0.5294117647058824	0.5945945945945946	0.13944564028117776	14787	14719	14830	14764	14733	14835	False
0.5722379603399433	0.06100873118146906	0.5506329113924051	0.9291338582677166	158	98	20	1.231430937031808	0.14320733906045896	127	31	2.9126566042751376	1.088223597971349	2.0004401011232433	0.1962025316455696	0.8305084745762712	0.33989163088439645	14866	14830	14948	14850	14835	14993	False
0.1643059490084986	0.08362457926337624	0.5	1.0	87	45	71	-0.572747551309285	-1.6812256672433297	33	54	0.30259165753750605	1.1084781159340447	0.7055348867357754	0.6206896551724138	0.3879310344827586	0.443884233412434	15047	14948	15064	15019	14993	15080	False
0.9036827195467422	0.08362457926337624	0.5	1.0	174	80	54	2.7431143630927624	-0.8753392088467911	101	73	2.5980679712490775	3.618453571939553	3.108260771594315	0.41954022988505746	0.5970149253731343	1.07566030671032	15153	15064	15198	15118	15080	15254	False
0.6062322946175638	0.21857929099525145	0.8669724770642202	0.9183673469387755	189	124	76	0.9004501184308884	0.14504639184368473	147	42	3.455971163359728	0.7554037265872037	2.1056874449734657	0.2222222222222222	0.62	0.6528456270119349	15296	15198	15398	15274	15254	15443	True
0.7223796033994334	0.3866824716632009	0.4724770642201835	0.883495145631068	218	127	107	0.9930884565539868	-2.5555210449288395	103	115	1.3721850930008985	3.5486095014828263	2.4603972972418626	0.5275229357798165	0.5427350427350427	0.6425923575754001	15558	15398	15632	15505	15443	15661	True
0.2237960339943343	0.4846844719503031	0.4724770642201835	1.0	103	50	53	0.5914821052381838	-0.3790966364469116	54	49	0.6611312735933522	0.9705787416850954	0.8158550076392238	0.47572815533980584	0.4854368932038835	0.39673175815398737	15710	15632	15735	15685	15661	15764	True
0.34277620396600567	0.16892792438935106	0.5819209039548022	1.0	177	113	52	0.2507908938762568	-0.06964916835516846	133	44	1.896904039931632	0.3204400622314253	1.1086720510815287	0.24858757062146894	0.6848484848484848	0.3694990544705961	15808	15735	15900	15787	15764	15941	False
0.9376770538243626	0.4227818809465128	0.5495867768595041	0.8838943623426382	242	91	123	2.3294186752092974	-1.646113146055375	126	116	2.5367943133522655	3.9755318212646724	3.256163067308469	0.4793388429752066	0.4252336448598131	0.8386146951123981	16057	15900	16114	16023	15941	16183	True
0.40793201133144474	0.4227818809465128	0.5495867768595041	1.0	133	75	96	0.8651350332305203	-0.2073756381429679	71	62	1.470020798661438	1.0725106713734882	1.271265735017463	0.46616541353383456	0.43859649122807015	0.772362541016964	16245	16114	16285	16210	16183	16316	True
0.6118980169971672	0.49995817615653027	0.6142131979695431	1.0	197	94	57	0.805293660769106	-0.6048857654309177	143	54	2.8205947886299096	1.4101794262000236	2.115387107414967	0.27411167512690354	0.6225165562913907	0.7431208612964204	16370	16285	16436	16342	16316	16513	True
0.8696883852691218	0.434752124447642	0.6142131979695431	1.0	121	57	115	2.034549698339405	-2.0153011278608037	50	71	1.760681250386579	4.049850826200209	2.905266038293394	0.5867768595041323	0.3313953488372093	1.3665382598752405	16584	16436	16608	16551	16513	16634	True
0.6402266288951841	0.32446211628416294	0.6685082872928176	1.0	181	108	48	1.363899010041089	0.27386844795282617	135	46	3.3595002540562158	1.0900305620882629	2.224765408072239	0.2541436464088398	0.6923076923076923	0.4656015130352523	16680	16608	16764	16656	16634	16815	True
0.8073654390934845	0.39834323191112536	0.8333333333333334	1.0	174	60	133	1.8187960234966296	-1.9956012440151265	56	118	1.5194393353335984	3.8143972675117563	2.6669183014226774	0.6781609195402298	0.31088082901554404	0.9584899658283896	16933	16764	16957	16897	16815	16989	True
0.47592067988668557	0.45252749768294365	0.8333333333333334	1.0	145	62	87	1.276271783170416	0.2993566881630312	59	86	2.158797200191015	0.9769150950073848	1.5678561475992	0.593103448275862	0.4161073825503356	0.7362097754652676	17075	16957	17106	17044	16989	17134	True
0.6175637393767706	0.6423147734417416	0.7702702702702703	1.0	148	69	54	0.9801246772555081	-0.8825254170205991	95	53	2.3789186951992276	1.8626500942761073	2.1207843947376674	0.3581081081081081	0.5609756097560976	0.9238861352393628	17187	17106	17229	17160	17134	17282	True
0.42209631728045327	0.6423147734417416	0.7702702702702703	1.0	114	55	82	0.12922060479949585	-1.3987940179437195	56	58	1.0722481007799471	1.5280146227432154	1.3001313617615813	0.5087719298245614	0.40145985401459855	0.6856649890314009	17340	17229	17366	17311	17282	17396	True
0.39660056657223797	0.7055474384268028	0.8260869565217391	1.0	138	71	68	0.4189592930476468	-0.9430274959804512	60	78	1.0952674090035508	1.3619867890280979	1.2286270990158243	0.5652173913043478	0.5107913669064749	0.5765280677058089	17474	17366	17505	17434	17396	17534	True
0.49008498583569404	0.7055474384268028	0.89171974522293	1.0	140	73	60	0.8760572521981179	-0.6763081159559041	76	64	1.7758243388647212	1.552365368154022	1.6640948535093716	0.45714285714285713	0.5488721804511278	0.7874363180198493	17598	17505	17638	17565	17534	17674	True
0.5354107648725213	0.6291321904643857	0.7696078431372549	1.0	157	78	63	0.6254744638001833	-0.8997670866666032	103	54	2.1048379265627046	1.5252415504667867	1.8150397385147456	0.34394904458598724	0.5531914893617021	0.8917425188417991	17728	17638	17779	17701	17674	17831	True
0.9518413597733711	0.6291321904643857	0.7696078431372549	1.0	204	94	83	1.8662576300145717	-1.4793634627625214	141	63	3.263652923410924	3.345621092777093	3.3046370080940086	0.3088235294117647	0.5310734463276836	1.1297021050902591	17894	17779	17956	17862	17831	18035	True
0.9546742209631728	0.9314321530903377	0.6201117318435754	0.9260869565217391	179	66	113	2.0348585158074113	-1.3973952933963523	115	64	3.1969115554591747	3.4322538092037638	3.3145826823314692	0.3575418994413408	0.3687150837988827	1.2804166444605878	18099	17956	18135	18069	18035	18214	True
0.7592067988668555	0.026626788937672622	0.6201117318435754	1.0	111	52	106	2.0421678668223224	-1.1620530396517634	56	55	1.9872253105290252	3.204220906474086	2.5957231085015557	0.4954954954954955	0.3291139240506329	1.2813127391514738	18269	18135	18293	18241	18214	18325	False
0.10198300283286119	0.026626788937672622	0.8409090909090909	0.7714285714285715	132	98	39	0.10785598520835459	0.0549425562932973	90	42	0.850991477332421	0.052913428915057285	0.4519524531237391	0.3181818181818182	0.7153284671532847	0.26227011105825165	18367	18293	18430	18332	18325	18457	False
0.46742209631728043	0.6919645880669609	0.9777777777777777	1.0	135	73	55	0.4524503736659665	-0.7431354921240664	76	59	1.7278136575311813	1.195585865790033	1.461699761660607	0.43703703703703706	0.5703125	0.7448913098864841	18516	18430	18558	18485	18457	18592	True
0.5439093484419264	0.898229026153396	0.9782608695652174	1.0	138	66	63	0.6478913792208814	-1.275363283865215	78	60	1.727523163068802	1.9232546630860963	1.825388913077449	0.43478260869565216	0.5116279069767442	0.9036183118547282	18652	18558	18687	18621	18592	18730	True
0.5240793201133145	0.714967904231273	0.9379310344827586	1.0	136	70	78	0.7402543229685592	-1.0796317838479206	66	70	1.7259223147266773	1.8198861068164798	1.7729042107715784	0.5147058823529411	0.47297297297297297	0.911873459489209	18800	18687	18835	18765	18730	18866	True
0.7252124645892352	0.6543691333370911	0.7448275862068966	1.0	145	68	63	1.4283177333526802	-0.9856679917581181	82	63	2.513214746825776	2.4139857251107983	2.463600235968287	0.43448275862068964	0.5190839694656488	1.139675967644799	18929	18835	18966	18898	18866	19011	True
0.43342776203966005	0.6130143758400888	0.7448275862068966	1.0	108	52	76	0.5596731422972839	-1.084897013473096	48	60	1.008145147564817	1.64457015577038	1.3263576516675986	0.5555555555555556	0.40625	0.6706254384206581	19071	18966	19094	19042	19011	19119	True
0.4164305949008499	0.7583371193112171	0.9391304347826087	1.0	115	57	50	0.6631245110441292	-0.44847200526753306	63	52	1.4658342417964505	1.1115965163116623	1.2887153790540564	0.45217391304347826	0.5327102803738317	0.6133146163578016	19171	19094	19201	19144	19119	19234	True
0.26628895184135976	0.5443566323857985	0.9152542372881356	1.0	118	61	64	0.3948517600730453	-0.8027097307523214	52	66	0.6519005402206128	1.1975614908253667	0.9247310155229898	0.559322033898305	0.488	0.5090438490201254	19300	19201	19326	19265	19234	19352	True
0.28895184135977336	0.7392815154808305	0.8796296296296297	1.0	108	54	53	0.6247540602719106	-0.2570487801475676	54	54	1.0575588820335384	0.8818028404194782	0.9696808612265083	0.5	0.5046728971962616	0.4483417016941483	19406	19326	19433	19379	19352	19460	True
0.1954674220963173	0.7157174135926074	0.7851239669421488	1.0	95	47	51	0.38933174237465457	-0.43280482176162793	46	49	0.6957831063070117	0.8221365641362826	0.7589598352216471	0.5157894736842106	0.47959183673469385	0.3538913194068002	19509	19433	19531	19484	19460	19555	True
0.32011331444759206	0.7157174135926074	0.7851239669421488	1.0	121	61	52	0.6656964322410883	-0.30645136393235706	64	57	1.0651776007416407	0.9721477961734454	1.018662698457543	0.47107438016528924	0.5398230088495575	0.5352924023644827	19612	19531	19644	19583	19555	19676	True
0.21246458923512748	0.2930000774163768	0.7923076923076923	1.0	103	50	60	0.6519722418789309	-0.3994811685005524	47	56	0.5496126209565969	1.0514534103794833	0.8005330156680401	0.5436893203883495	0.45454545454545453	0.3783791363990139	19732	19644	19754	19704	19676	19779	True
0.059490084985835696	0.2930000774163768	0.6538461538461539	1.0	130	72	41	0.2633961614116346	0.10235962092233394	95	35	0.5228815921504884	0.16103654048930063	0.3419590663198945	0.2692307692307692	0.6371681415929203	0.11416413400400725	19814	19754	19867	19795	19779	19909	False
0.0821529745042493	0.3475153574142003	0.6538461538461539	1.0	85	43	61	-0.050703934632231815	-0.2594854307388537	48	37	0.6007835097134345	0.2087814961066219	0.4047825029100282	0.43529411764705883	0.41346153846153844	0.23437518457257925	19946	19867	19971	19928	19909	19994	False
0.3002832861189802	0.5095254438316874	0.46987951807228917	1.0	117	58	52	0.5276165964564503	-0.6514874443456663	57	60	0.7836396469176382	1.1791040408021165	0.9813718438598773	0.5128205128205128	0.5272727272727272	0.5160043682483408	20054	19971	20081	20023	19994	20111	True
0.5269121813031161	0.31674969541414133	0.46987951807228917	1.0	249	125	109	0.6008295403784643	-0.2560230504611879	128	121	2.705141009589106	0.8568525908396522	1.7809968002143792	0.4859437751004016	0.5341880341880342	0.4131750587574678	20232	20081	20315	20190	20111	20360	True
0.7337110481586402	0.30783497410834837	0.7108433734939759	1.0	177	60	136	1.7564333418683924	-2.104311469210642	48	129	1.1884722789574549	3.8607448110790346	2.5246085450182445	0.7288135593220338	0.30612244897959184	0.7987774909480743	20489	20315	20511	20451	20360	20537	True
0.24645892351274787	0.0	0.5985915492957746	1.0	142	71	47	1.2467585538211794	0.5679610629109376	96	46	1.0426421742144965	0.6787974909102418	0.8607198325623691	0.323943661971831	0.6016949152542372	0.24626382723878273	20583	20511	20629	20558	20537	20679	False
0.056657223796033995	0.0	0.5985915492957746	0.3869047619047619	85	60	51	0.19810233488739004	0.204116379606683	84	1	0.6890673932738558	-0.006014044719292955	0.34152667427728145	0.011764705882352941	0.5405405405405406	0.23638281230197716	20680	20629	20740	20680	20679	20764	False
0.42492917847025496	0.42832694883122535	0.6686746987951807	1.0	111	53	52	0.7795907441832098	-0.4909650583864658	57	54	1.3353989640170862	1.2705558025696757	1.3029773832933809	0.4864864864864865	0.5047619047619047	0.5692688782291151	20818	20740	20845	20792	20764	20875	True
0.509915014164306	0.2017641970307905	0.6686746987951807	1.0	166	105	52	0.016179143895941606	-0.5558082198338763	120	46	2.8349299437031883	0.5719873637298178	1.703458653716503	0.27710843373493976	0.6687898089171974	0.9205302251019375	20921	20845	21002	20897	20875	21041	True
1.0	0.45098346279969265	0.8177339901477833	0.9053030303030303	203	67	75	3.1930688495834803	-2.8187507998072467	132	71	4.001750508551979	6.011819649390727	5.006785078971353	0.3497536945812808	0.47183098591549294	1.619351156625421	21112	21002	21144	21077	21041	21244	True
0.6770538243626062	0.45098346279969265	0.7965367965367965	1.0	184	112	126	0.9960416426387037	-0.8086816589684986	130	54	2.7996803363120937	1.8047233016072024	2.302201818959648	0.29347826086956524	0.47058823529411764	0.9649219509211504	21298	21144	21382	21270	21244	21428	True
0.9008498583569405	0.3136376463568685	0.7012987012987013	0.9099999999999999	231	86	86	1.976232726461993	-1.8036386936733901	150	81	2.374641415057999	3.7798714201353834	3.077256417596691	0.35064935064935066	0.5	0.8821771288256661	21509	21382	21554	21468	21428	21659	True
0.5297450424929179	0.26315846499740153	0.6851851851851852	1.0	162	101	129	0.3463682557643283	-0.3984086885960063	113	49	2.8301462556702806	0.7447769443603346	1.7874616000153076	0.30246913580246915	0.4391304347826087	0.9274486594288225	21708	21554	21784	21683	21659	21821	True
0.7960339943342776	0.16701196678647537	0.6851851851851852	0.9795918367346939	111	52	68	1.3646103736002728	-2.483777999905952	49	62	1.438832265311842	3.848388373506225	2.6436103194090332	0.5585585585585585	0.43333333333333335	1.3072944067157417	21883	21784	21904	21852	21821	21932	False
0.35127478753541075	0.11977273497418148	0.525	1.0	126	57	39	0.16608031479400143	-0.07422189171156904	101	25	2.0063181036766893	0.24030220650557046	1.12331015509113	0.1984126984126984	0.59375	0.6993895767089332	21957	21904	22000	21943	21932	22058	False
0.9943342776203966	0.49450706445743414	0.525	0.9090909090909092	240	92	91	2.2169703844282274	-1.8402377888826877	176	64	3.524602017685609	4.057208173310915	3.790905095498262	0.26666666666666666	0.5027322404371585	1.0182251617180025	22122	22000	22183	22091	22058	22298	False
0.9915014164305949	0.43822391629284857	0.7625	0.9338842975206612	183	60	147	2.708617062985447	-1.3076316332573819	121	62	3.466369583362452	4.016248696242829	3.7413091398026403	0.33879781420765026	0.2898550724637681	1.285717219898014	22360	22183	22390	22330	22298	22481	False
0.38526912181303113	0.02680108164694366	0.6907216494845361	0.8875	194	126	119	0.7612935337624981	-0.7577525203770052	74	120	0.8835967294487932	1.5190460541395034	1.2013213917941483	0.6185567010309279	0.5142857142857142	0.43550685880649875	22601	22390	22635	22509	22481	22675	False
0.12181303116147309	0.02254376827224895	0.6907216494845361	1.0	134	89	50	-0.09862184759736561	-0.12230319568629511	112	22	1.0504609434830328	0.023681348088929494	0.5370711457859811	0.16417910447761194	0.6402877697841727	0.3777849143287174	22697	22635	22774	22685	22675	22809	False
0.3626062322946176	0.3671166854574926	0.8880597014925373	1.0	119	58	68	0.5642898102147615	-1.1490827910803985	51	68	0.6290076703411611	1.71337260129516	1.1711901358181604	0.5714285714285714	0.4603174603174603	0.5239347299693915	22877	22774	22900	22842	22809	22928	False
0.41076487252124644	0.15882236903584604	0.815068493150685	1.0	119	65	52	0.28445468692745507	-0.06471786012639963	70	49	2.1985098772519054	0.3491725470538547	1.2738412121528802	0.4117647058823529	0.5555555555555556	0.7819334672261324	22977	22900	23017	22952	22928	23047	False
0.8441926345609065	0.5171994770468659	0.6438356164383562	1.0	146	65	61	1.5678374968887887	-1.9140551903244503	83	63	2.1332248752875325	3.481892687213239	2.8075587812503855	0.4315068493150685	0.5158730158730159	1.3101069844977093	23110	23017	23143	23078	23047	23193	True
0.3371104815864023	0.5171994770468659	0.6438356164383562	1.0	94	46	76	0.5379154115233336	-0.565387378398744	43	51	1.0640893574390824	1.1033027899220775	1.08369607368058	0.5425531914893617	0.3770491803278688	0.4439824676334745	23244	23143	23265	23219	23193	23287	True
0.45892351274787535	0.670181587165311	0.6524064171122995	1.0	122	55	47	1.0615888005063008	-0.5261739459157488	70	52	1.2754067366364683	1.5877627464220496	1.4315847415292589	0.4262295081967213	0.5392156862745098	0.6761319046894398	23339	23265	23367	23312	23287	23409	True
0.5920679886685553	0.2969970530867417	0.6524064171122995	1.0	187	109	76	0.7452256519276989	-0.21381793613016747	126	61	3.2291350304333344	0.9590435880578663	2.0940893092456	0.32620320855614976	0.5891891891891892	0.8038230199600435	23470	23367	23552	23443	23409	23596	True
0.8470254957507082	0.14517323250598782	0.6524064171122995	1.0	122	59	77	1.5407772612102004	-2.4839093785056354	55	67	1.5953965573917919	4.024686639715836	2.8100415985538136	0.5491803278688525	0.4338235294117647	1.481729791689476	23663	23552	23688	23629	23596	23718	False
0.32577903682719545	0.1273088837446278	0.6967213114754098	1.0	85	45	44	0.17698957918389974	-0.05461929618159138	56	29	1.8192671913617704	0.23160887536549113	1.0254380333636308	0.3411764705882353	0.5056179775280899	0.8855304481334488	23747	23688	23777	23732	23718	23803	False
0.9263456090651558	0.1651799729801004	0.7083333333333334	1.0	120	57	57	2.515284379683684	-1.6422776121778706	58	62	2.3214024324829294	4.157561991861554	3.2394822121722417	0.5166666666666667	0.5	1.5820353799499534	23865	23777	23891	23834	23803	23923	False
0.29461756373937675	0.1651799729801004	0.9836065573770492	1.0	122	71	49	0.5773311382742241	0.1938819472007545	81	41	1.5637397387190535	0.38344919107346964	0.9735944648962616	0.3360655737704918	0.5916666666666667	0.4780032696135907	23964	23891	24011	23940	23923	24045	False
0.48725212464589235	0.7045206226186871	0.9461538461538461	1.0	123	62	65	0.7043314171011977	-0.9864086004448294	61	62	1.6291436708900209	1.6907400175460272	1.659941844218024	0.5040650406504065	0.4881889763779528	0.8916127221576853	24107	24011	24138	24076	24045	24168	True
0.6430594900849859	0.6337710988695072	0.9384615384615385	1.0	130	62	63	1.3876022002189683	-0.9248122537888233	65	65	2.144931539694829	2.3124144540077918	2.2286729968513104	0.5	0.496	1.058994680842039	24233	24138	24263	24201	24168	24298	True
0.42776203966005666	0.6337710988695072	0.8472222222222222	1.0	122	61	66	0.6020662794363951	-0.7573293394758607	59	63	1.2548610354879508	1.3593956189122558	1.3071283272001033	0.5163934426229508	0.48031496062992124	0.6881703440204724	24361	24263	24390	24329	24298	24420	True
0.3031161473087819	0.7415526983413283	0.8333333333333334	1.0	144	67	57	0.3525492491329724	-0.6527947560515558	86	58	0.9656970721388001	1.0053440051845282	0.9855205386616641	0.4027777777777778	0.5403225806451613	0.4152077304924366	24478	24390	24514	24447	24420	24564	True
0.3087818696883853	0.563633752356434	0.8333333333333334	1.0	120	58	83	0.10296744661902002	-0.6131478230058276	59	61	1.2705329775424565	0.7161152696248476	0.9933241235836521	0.5083333333333333	0.41134751773049644	0.5782386018771825	24625	24514	24655	24597	24564	24684	True
0.37110481586402266	0.29610967907043545	0.8833333333333333	1.0	106	52	60	0.6590071609186225	-1.1675655309234365	43	63	0.5408658535801735	1.826572691842059	1.1837192727111163	0.5943396226415094	0.4642857142857143	0.604682785118421	24747	24655	24767	24715	24684	24790	True
0.1501416430594901	0.6050396017905333	0.8962264150943396	1.0	95	49	43	0.6003560805971585	0.11814130733844909	52	43	0.7969970425599576	0.48221477325870943	0.6396059079093335	0.45263157894736844	0.532608695652174	0.2882210186164589	24833	24767	24859	24810	24790	24885	True
0.20113314447592068	0.3042950464159271	0.8125	1.0	104	50	52	0.6109597749731901	-0.1966409619627991	52	52	0.7327160991004339	0.8076007369359892	0.7701584180182115	0.5	0.49019607843137253	0.34874556194200257	24937	24859	24961	24911	24885	24989	True
0.1388101983002833	0.21844386557229617	0.8046875	1.0	128	75	45	0.10120555525821975	-0.12175632412724383	92	36	1.0206827223155512	0.22296187938546358	0.6218223008505074	0.28125	0.625	0.3379311402369187	25025	24961	25081	25006	24989	25117	True
0.38243626062322944	0.5817745726053639	0.8046875	1.0	103	49	65	0.5965417890641118	-0.9194771670573314	46	57	0.8819812802591825	1.5160189561214432	1.199000118190313	0.5533980582524272	0.4298245614035088	0.5588031376761103	25174	25081	25195	25146	25117	25220	True
0.23229461756373937	0.8273095278134431	0.8803418803418803	1.0	117	63	49	0.4789536211921921	-0.2854394911950707	64	53	0.9239505731398178	0.7643931123872628	0.8441718427635403	0.452991452991453	0.5625	0.42063477388283743	25273	25195	25307	25244	25220	25337	True
0.39943342776203966	0.8094939405758563	0.9	1.0	108	53	57	0.6633704928091393	-0.4449969519476257	55	53	1.3692103043641026	1.108367444756765	1.2387888745604339	0.49074074074074076	0.4818181818181818	0.5958164718974557	25390	25307	25417	25364	25337	25445	True
0.40226628895184136	0.6917321255525696	0.8955223880597015	1.0	120	64	56	0.5039595755467893	-0.7058398115549632	59	61	1.3073634203099531	1.2097993871017525	1.2585814037058527	0.5083333333333333	0.5333333333333333	0.6857151250803323	25506	25417	25537	25473	25445	25565	True
0.5127478753541076	0.3251534797802402	0.6791044776119403	1.0	134	66	59	1.086581269439252	-0.803403844763164	70	64	1.5586972674339399	1.889985114202416	1.724341190818178	0.47761194029850745	0.528	0.7856505727359023	25629	25537	25662	25596	25565	25699	True
0.1813031161473088	0.3251534797802402	0.6791044776119403	1.0	91	45	59	0.03469984243540921	-0.47211599799468795	48	43	0.9574255575736011	0.5068158404300972	0.7321206990018492	0.4725274725274725	0.4326923076923077	0.3830899554538074	25742	25662	25766	25721	25699	25790	True
0.34844192634560905	0.31055339356805417	0.7851851851851852	1.0	106	52	52	0.7844626783450317	-0.9227257151381919	47	59	0.5301731490562097	1.7071883934832237	1.1186807712697167	0.5566037735849056	0.5	0.5412972432971831	25849	25766	25870	25818	25790	25896	True
0.24929178470254956	0.3267651828173374	0.7333333333333333	1.0	135	69	60	0.6828992369274431	0.254289529288822	68	67	1.3116749585839906	0.42860970763862116	0.8701423331113058	0.4962962962962963	0.5348837209302325	0.4023277619946759	25963	25870	25999	25930	25896	26031	True
0.17847025495750707	0.639983427536012	0.5076923076923077	1.0	99	50	58	0.25832586608647035	-0.6287757216565475	47	52	0.5677303146964149	0.8871015877430178	0.7274159512197164	0.5252525252525253	0.46296296296296297	0.36160759242567253	26083	25999	26107	26057	26031	26130	True
0.31728045325779036	0.38678851686472715	0.5076923076923077	0.8877551020408163	195	112	47	0.25535871667885696	-0.30940444860994454	147	48	1.4601342611376387	0.5647631652888014	1.01244871321322	0.24615384615384617	0.7044025157232704	0.37044491213169845	26178	26107	26266	26154	26130	26325	True
0.5864022662889519	0.1240813378933836	0.4624277456647399	0.9536082474226804	173	106	91	1.0314666210836996	-1.2047755444587818	76	97	1.9313593312982926	2.2362421655424813	2.083800748420387	0.5606936416184971	0.5380710659898477	0.7296506618314584	26422	26266	26463	26357	26325	26498	False
0.0906515580736544	0.1240813378933836	0.35398230088495575	1.0	80	40	50	-0.6602470604342302	-0.899892710214593	49	31	0.6269954760673387	0.23964564978036285	0.4333205629238508	0.3875	0.4444444444444444	0.278401050364334	26529	26463	26553	26513	26498	26578	False
0.6543909348441926	0.0	0.33185840707964603	1.0	226	122	75	1.4713199007817057	-1.287242536501569	125	101	1.7423076146212197	2.758562437283275	2.2504350259522474	0.4469026548672566	0.6192893401015228	0.46139015860592864	26679	26553	26750	26628	26578	26804	False
0.10764872521246459	0.0	0.28957528957528955	0.5	75	41	55	-0.27430100375389105	-0.270987713839514	74	1	0.9503985277909541	-0.003313289914377071	0.47354261893828853	0.013333333333333334	0.4270833333333333	0.4502251864961745	26805	26750	26846	26805	26804	26879	False
0.8668555240793201	0.3339895507523386	0.28957528957528955	0.8844086021505376	259	125	71	1.6208940675665766	-1.2246995315448452	186	73	2.9086685844590825	2.845593599111422	2.877131091785252	0.28185328185328185	0.6377551020408163	0.6413945102544542	26952	26846	27042	26917	26879	27138	False
0.6090651558073654	0.6960154640191264	0.5885714285714285	0.8583333333333334	175	51	124	1.1968182195094321	-1.287774516892506	120	55	1.729314966325346	2.4845927364019382	2.106953851363642	0.3142857142857143	0.2914285714285714	0.7297413519687429	27193	27042	27217	27166	27138	27313	False
0.45325779036827196	0.10842289664788861	0.5885714285714285	1.0	103	49	120	0.8887359178835856	-0.5324967468159139	54	49	1.395214820224461	1.4212326646994995	1.4082237424619803	0.47572815533980584	0.28994082840236685	0.6175237893565768	27362	27217	27386	27337	27313	27416	False
0.1558073654390935	0.10842289664788861	0.5144230769230769	1.0	107	52	43	-0.35520567008607623	-0.5064789023408754	80	27	1.1769303804086428	0.15127323225479922	0.664101806331721	0.2523364485981308	0.5473684210526316	0.522109805883649	27443	27386	27481	27429	27416	27523	False
0.9660056657223796	0.3456389586526563	0.5144230769230769	1.0	208	117	84	1.872949953109921	-1.532136050494719	130	78	3.31321947052063	3.40508600360464	3.359152737062635	0.375	0.582089552238806	1.095975168920703	27601	27481	27682	27565	27523	27731	True
0.9603399433427762	0.9014187292205712	0.7133105802047781	1.0	209	110	82	1.9161802062573634	-1.4402695174107092	142	67	3.317614543816056	3.3564497236680726	3.3370321337420643	0.32057416267942584	0.5729166666666666	0.9947675991430047	27798	27682	27874	27764	27731	27940	True
0.8526912181303116	0.8882184536282611	0.6723549488054608	0.9166666666666667	293	104	133	1.5891255485716613	-1.4014343375586926	186	107	2.656270477541412	2.990559886130354	2.823415181835883	0.3651877133105802	0.4388185654008439	0.6613438428308331	28047	27874	28111	28007	27940	28233	True
0.8980169971671388	0.911293544690005	0.6723549488054608	1.0	197	105	156	1.8314709705278882	-1.0671449289697503	131	66	3.180770802544927	2.8986158994976385	3.039693351021283	0.3350253807106599	0.40229885057471265	0.7369954012973989	28299	28111	28372	28267	28233	28430	True
0.6317280453257791	0.07424566744508312	0.42473118279569894	0.8843283582089552	186	55	160	1.660941133522388	-1.3492998320170386	52	134	1.3861557524654309	3.0102409655394267	2.1981983590024288	0.7204301075268817	0.2558139534883721	0.669492103904153	28564	28372	28587	28532	28430	28616	False
0.2521246458923513	0.0627284097427768	0.42473118279569894	1.0	79	41	38	0.37770144008159445	0.2747853810569571	59	20	1.640661056874444	0.10291605902463735	0.8717885579495407	0.25316455696202533	0.5189873417721519	0.40067305914710316	28636	28587	28666	28625	28616	28695	False
0.6345609065155807	0.13847892163734513	0.44886363636363635	0.9024390243902439	176	56	120	1.6759176040560761	-1.2629596167928496	53	123	1.470043348204059	2.9388772208489256	2.2044602845264922	0.6988636363636364	0.3181818181818182	0.7343016844571224	28818	28666	28842	28786	28695	28871	False
0.311614730878187	0.11398856578890335	0.6534090909090909	1.0	115	58	43	0.40944427347146756	0.20587425585201724	86	29	1.785881032983991	0.20357001761945032	0.9947255253017206	0.25217391304347825	0.5742574257425742	0.6062175572105276	28900	28842	28943	28885	28871	28986	False
0.6997167138810199	0.0	0.5774647887323944	1.0	142	67	82	1.8132430736104674	-1.3764367595125233	67	75	1.603304999488776	3.189679833122991	2.3964924163058834	0.528169014084507	0.44966442953020136	1.079571350562164	29061	28943	29092	29025	28986	29128	False
0.28611898016997167	0.0	0.5774647887323944	0.5	82	47	37	0.19828736664918553	0.20993807412169133	81	1	1.9307390247705332	-0.011650707472505795	0.9595441586490137	0.012195121951219513	0.5595238095238095	0.7870642114404818	29129	29092	29176	29129	29128	29210	False
0.6203966005665722	0.0	0.6119402985074627	1.0	134	60	68	1.6089331081685865	-1.7324516581213476	64	70	0.9165474087021873	3.3413847662899343	2.1289660874960608	0.5223880597014925	0.46875	1.0195974667851981	29280	29176	29304	29244	29210	29344	False
0.34560906515580736	0.0	0.46511627906976744	0.5	100	64	41	0.689437392149753	0.6923856994663992	99	1	2.2261061580682675	-0.0029483073166461926	1.1115789253758106	0.01	0.6095238095238096	0.659886645064949	29345	29304	29409	29345	29344	29444	False
0.7422096317280453	0.8782183003313286	0.46511627906976744	0.9736842105263157	215	145	65	0.8406279342040225	-1.5366687659185145	152	63	2.7069541812390447	2.377296700122537	2.542125440680791	0.2930232558139535	0.6904761904761905	0.8548404597172446	29507	29409	29619	29474	29444	29659	True
0.830028328611898	0.7990676425083949	0.8512820512820513	0.97265625	195	115	73	1.174749103120448	-1.8663262470350224	128	67	2.430024910739123	3.04107535015547	2.7355501304472964	0.3435897435897436	0.6117021276595744	0.9828162366622133	29726	29619	29807	29692	29659	29854	True
0.5325779036827195	0.6329913158340805	0.8512820512820513	1.0	166	92	77	0.9345397864561287	-1.2552758076186752	103	63	1.386134254327399	2.189815594074804	1.7879749242011014	0.3795180722891566	0.5443786982248521	0.7796605828326922	29917	29807	29976	29884	29854	30020	True
0.45609065155807366	0.6156910201533264	0.841025641025641	0.9429824561403508	164	106	68	0.6288847424665684	-0.4515944678712702	114	50	1.7549049360323061	1.0804792103378387	1.4176920731850724	0.3048780487804878	0.6091954022988506	0.5742014804351061	30070	29976	30150	30044	30020	30184	True
0.6713881019830028	0.7108854565160289	0.841025641025641	1.0	195	111	62	0.9978131288980442	-1.1260201935657377	137	58	2.471581549763493	2.1238333224637818	2.2977074361136376	0.29743589743589743	0.6416184971098265	0.794065155689286	30242	30150	30323	30212	30184	30379	True
0.9575070821529745	0.7108854565160289	0.8584474885844748	0.9618320610687023	219	114	108	2.002996404056475	-1.473768420865449	131	88	3.1767744849810216	3.476764824921924	3.3267696549514727	0.4018264840182648	0.5135135135135135	1.0558125573407637	30467	30323	30545	30431	30379	30598	True
0.8243626062322946	0.2800241503192379	0.5053191489361702	1.0	188	112	87	1.5655826406611069	-1.1737780809245466	114	74	2.7120803258085706	2.7393607215856535	2.7257205236971123	0.39361702127659576	0.5628140703517588	0.9368822479578767	30672	30545	30744	30632	30598	30786	True
0.29178470254957506	0.2800241503192379	0.36964980544747084	1.0	95	47	63	-0.38704969631539693	-1.1464976851474638	52	43	1.1830142592011947	0.7594479888320669	0.9712311240166308	0.45263157894736844	0.42727272727272725	0.6308567278523783	30829	30744	30854	30807	30786	30881	True
0.9291784702549575	0.19148392690155056	0.2918287937743191	0.8678234011627908	257	126	119	1.922564054628209	-1.5700639555165916	129	128	2.986480175216364	3.4926280101448004	3.2395540926805824	0.4980544747081712	0.5142857142857142	0.6304873810658573	31009	30854	31099	30973	30881	31138	False
0.06515580736543909	0.06814702692391392	0.2918287937743191	1.0	75	39	58	-0.4920531690240948	-1.0639161205881549	32	43	0.16070014966589596	0.5718629515640601	0.366281550614978	0.5733333333333334	0.4020618556701031	0.3705341423869882	31181	31099	31196	31157	31138	31213	False
0.8215297450424929	0.06814702692391392	0.33185840707964603	0.916058394160584	226	132	69	1.7053855014425074	-0.6527533186899908	137	89	3.082504944095852	2.358138820132498	2.720321882114175	0.3938053097345133	0.6567164179104478	0.6073708713084368	31302	31196	31397	31265	31213	31439	False
0.7507082152974505	0.28612718144126215	0.5063291139240507	1.0	158	67	105	1.6266713788579228	-1.3771194426533444	55	103	2.1499960698233935	3.0037908215112674	2.5768934456673307	0.6518987341772152	0.38953488372093026	1.0417272011869438	31542	31397	31569	31502	31439	31597	True
0.35410764872521244	0.28612718144126215	0.5063291139240507	1.0	80	41	44	0.09184762460288773	-0.5233246909654709	47	33	1.658047750837801	0.6151723155683586	1.13661003320308	0.4125	0.4823529411764706	0.5118330154668678	31630	31569	31654	31613	31597	31677	True
0.56657223796034	0.2762612929837985	0.7920792079207921	1.0	101	50	49	1.0086929965906541	-1.5662001262349134	47	54	1.3437845951606877	2.574893122825568	1.9593388589931278	0.5346534653465347	0.5050505050505051	1.0741731195623723	31731	31654	31753	31703	31677	31778	True
0.23796033994334279	0.2762612929837985	0.37155963302752293	1.0	81	42	40	0.03614407118076822	-0.3350915985700335	50	31	1.326739441410437	0.37123566975080174	0.8489875555806193	0.38271604938271603	0.5121951219512195	0.6036925313530247	31809	31753	31835	31793	31778	31859	True
0.8271954674220963	0.5242324907047234	0.37155963302752293	1.0	218	115	54	1.240227241750956	-1.2905953702296689	156	62	2.9399604853364933	2.530822611980625	2.7353915486585594	0.28440366972477066	0.6804733727810651	0.8623501047524744	31921	31835	32004	31889	31859	32077	True
0.8045325779036827	0.011499964038835112	0.5825688073394495	1.0	127	57	111	1.8366400342124858	-1.6997332435855372	56	71	1.7797593782043486	3.536373277798023	2.658066328001186	0.5590551181102362	0.3392857142857143	1.218641228056995	32148	32004	32172	32115	32077	32204	False
0.1529745042492918	0.011499964038835112	0.6220472440944882	0.8333333333333333	79	46	35	0.07734782485526669	0.05688065600813714	52	27	1.2761133715631456	0.020467168847129548	0.6482902702051376	0.34177215189873417	0.5679012345679012	0.26195630892095056	32231	32172	32253	32207	32204	32283	False
0.0453257790368272	0.06205264040820621	0.424390243902439	1.0	87	46	52	-0.7396242925374892	-1.198765546707879	38	49	0.1852258047539742	0.45914125417038987	0.32218352946218204	0.5632183908045977	0.46938775510204084	0.37838073626532953	32332	32253	32351	32305	32283	32370	False
0.8413597733711048	0.06205264040820621	0.424390243902439	1.0	205	113	63	2.0601285198227703	-0.9248500972914634	126	79	2.6199687843979262	2.984978617114234	2.80247370075608	0.3853658536585366	0.6420454545454546	0.6980075274205907	32449	32351	32527	32414	32370	32575	False
0.5580736543909348	0.1490454929487726	0.7716049382716049	0.9212962962962963	162	54	127	1.725906446235594	-0.5598402645751557	54	108	1.6080703350379988	2.2857467108107494	1.946908522924374	0.6666666666666666	0.2983425414364641	0.7343368792485389	32683	32527	32708	32654	32575	32737	False
0.3909348441926346	0.10962133921933553	0.7530120481927711	1.0	125	57	43	0.3575117469796315	0.11783611119759507	95	30	2.1863958011175373	0.23967563578203643	1.2130357184497869	0.24	0.57	0.5786006055452365	32767	32708	32808	32751	32737	32862	False
0.7478753541076487	0.0	0.4578313253012048	1.0	166	64	116	1.9758030676867662	-1.828884054137906	64	102	1.3024533881728315	3.804687121824672	2.5535702549987516	0.6144578313253012	0.35555555555555557	0.910234403179445	32964	32808	32988	32924	32862	33028	False
0.2577903682719547	0.0	0.4175824175824176	0.5	76	39	41	0.6709644026128891	0.6733496795139347	75	1	1.8020213276885433	-0.0023852769010455077	0.8998180253937489	0.013157894736842105	0.4875	0.3863756053058874	33029	32988	33068	33029	33028	33104	False
0.5552407932011332	0.17490957822449868	0.4175824175824176	0.8786764705882353	182	53	140	1.6391084916795065	-1.1310569250756541	46	136	1.0413393877791939	2.7701654167551606	1.9057524022671772	0.7472527472527473	0.27461139896373055	0.583496520057485	33240	33068	33261	33208	33104	33286	False
0.3342776203966006	0.0939519839138613	0.5054945054945055	1.0	92	45	37	0.779909337005329	0.5977691039003126	67	25	1.938652336197706	0.18214023310501648	1.0603962846513613	0.2717391304347826	0.5487804878048781	0.36994277994085817	33311	33261	33343	33298	33286	33378	False
0.05099150141643059	0.1302998371724964	0.6532258064516129	1.0	81	43	52	-0.8544678581101679	-1.158742999192377	43	38	0.3742449725851138	0.3042751410822091	0.33926005683366145	0.4691358024691358	0.45263157894736844	0.3614504728498777	33416	33343	33438	33395	33378	33459	False
0.5694050991501416	0.1302998371724964	0.6532258064516129	1.0	124	57	60	1.6434701336600193	-1.2287128306952817	50	74	1.117224345119633	2.872182964355301	1.994703654737467	0.5967741935483871	0.48717948717948717	0.7850310805351798	33533	33438	33555	33498	33459	33583	False
0.36827195467422097	0.10779723047949273	0.3247863247863248	1.0	117	55	42	0.7563362849283357	0.5262457885403861	88	29	2.1344750265334684	0.23009049638794965	1.182282761460709	0.24786324786324787	0.5670103092783505	0.42829228628187266	33612	33555	33652	33597	33583	33700	False
0.019830028328611898	0.0	0.12751677852348994	0.5	38	15	71	-0.9521149233053723	-1.3781387416051327	1	37	-0.014799630540499376	0.42602381829976044	0.20561209387963053	0.9736842105263158	0.1744186046511628	0.24534968734806792	33737	33652	33738	33723	33700	33738	False
0.7393767705382436	0.0	0.12751677852348994	0.9112903225806452	298	120	71	1.489429215491207	-0.9373152927648729	186	112	2.6528483130017526	2.42674450825608	2.5397964106289166	0.37583892617449666	0.6282722513089005	0.4559814027841854	33850	33738	33929	33809	33738	34036	False
0.8328611898016998	0.0	0.3719806763285024	1.0	207	93	138	1.7304617380674172	-1.1634190975105456	143	64	2.6192142170031727	2.8938808355779626	2.756547526290568	0.30917874396135264	0.4025974025974026	0.6085374195858511	34100	33929	34160	34067	34036	34243	False
0.039660056657223795	0.0	0.3719806763285024	0.5	77	38	84	-0.9000785203276862	-0.8887524789357554	76	1	0.5989101011025493	-0.01132604139193083	0.2937920298553092	0.012987012987012988	0.3114754098360656	0.3309511577620075	34244	34160	34282	34244	34243	34320	False
0.7762039660056658	0.19306353041664923	0.4095744680851064	1.0	188	89	83	1.6031513830027357	-1.4989886214302355	101	87	2.124664459344491	3.102140004432971	2.613402231888731	0.4627659574468085	0.5174418604651163	0.9099008839506322	34407	34282	34454	34365	34320	34508	False
0.8725212464589235	0.623791064870645	0.7550200803212851	0.8562786134728582	249	123	134	1.711240857102354	-0.5215130763417553	139	110	3.5793297775227253	2.2327539334441093	2.9060418554834175	0.44176706827309237	0.4785992217898833	0.8118581187794648	34618	34454	34711	34588	34508	34757	False
0.9461756373937678	0.8504238222636736	0.8036363636363636	0.9285714285714286	275	123	89	1.6767094844518915	-1.8680889204203712	189	86	3.014581008625643	3.544798404872263	3.279689706748953	0.31272727272727274	0.5801886792452831	0.7900392004617255	34843	34711	34923	34800	34757	35032	False
0.8498583569405099	0.05468026492658593	0.31221719457013575	1.0	221	95	148	1.7170692415628244	-1.3378715241737518	143	78	2.5679337417905774	3.054940765736576	2.811437253763577	0.35294117647058826	0.39094650205761317	0.7028703394153817	35110	34923	35166	35071	35032	35253	False
0.0084985835694051	0.051759977847069	0.31221719457013575	0.9545454545454546	69	35	107	-0.7104492029127254	-0.8508645002277533	33	36	0.12438407049002498	0.1404152973150279	0.13239968390252643	0.5217391304347826	0.24647887323943662	0.24010621837521648	35289	35166	35308	35273	35253	35322	False
0.6572237960339944	0.051759977847069	0.3709677419354839	1.0	186	100	52	1.568260307076215	-0.8348332734027504	113	73	2.1148193721757713	2.4030935804789655	2.258956476327368	0.3924731182795699	0.6578947368421053	0.5791510070560942	35395	35308	35460	35360	35322	35508	False
0.11898016997167139	0.07301735242070485	0.6225490196078431	1.0	127	46	61	-0.3921405536952641	-0.5465590650995562	99	28	0.8867505615826056	0.15441851140429208	0.5205845364934488	0.2204724409448819	0.42990654205607476	0.4149451027265202	35536	35460	35567	35521	35508	35635	False
0.7847025495750708	0.0	0.4117647058823529	1.0	204	100	113	1.801834766121753	-1.2788911152778697	117	87	2.1882892292263936	3.080725881399623	2.634507555313008	0.4264705882352941	0.4694835680751174	0.6034414119870999	35722	35567	35780	35680	35635	35839	False
0.12464589235127478	0.0	0.4117647058823529	0.5	84	43	60	-0.3966716629465491	-0.38645446310464027	83	1	1.146718471921528	-0.01021719984190883	0.5682506360398096	0.011904761904761904	0.4174757281553398	0.39973670637572567	35840	35780	35883	35840	35839	35923	False
0.7988668555240793	0.00640174832925137	0.42424242424242425	1.0	198	113	83	1.571907875973568	-1.543390134868077	105	93	2.1981024352940928	3.115298010841645	2.656700223067869	0.4696969696969697	0.576530612244898	0.7419512212916378	36016	35883	36079	35966	35923	36121	False
0.031161473087818695	0.00640174832925137	0.46464646464646464	0.8392857142857143	92	45	46	-0.6121228607278573	-0.6261945593205246	64	28	0.5284203257137343	0.014071698592667325	0.2712460121532008	0.30434782608695654	0.4945054945054945	0.2695320535825209	36149	36079	36170	36125	36121	36213	False
0.7195467422096318	0.17730844772751564	0.65	1.0	140	60	93	1.839688903378522	-1.1405431864415916	57	83	1.9332243130117202	2.9802320898201136	2.456728201415917	0.5928571428571429	0.39215686274509803	1.0280121937313866	36296	36170	36323	36263	36213	36353	False
0.26912181303116145	0.29778050727003647	0.65	1.0	91	47	48	0.4821411069621997	-0.09353540963319806	53	38	1.2773668716074842	0.5756765165953978	0.9265216941014409	0.4175824175824176	0.49473684210526314	0.4626870405487826	36391	36323	36418	36371	36353	36444	False
0.46175637393767704	0.1869322202889237	0.7264150943396226	1.0	106	52	52	0.770242973143723	-0.7952257646452845	53	53	1.311296672639057	1.5654687377890075	1.4383827052140323	0.5	0.5	0.8264817761718029	36497	36418	36522	36470	36444	36550	False
0.2096317280453258	0.18143173396670514	0.6875	1.0	77	41	41	-0.295930101021437	-0.5410536994953339	49	28	1.351051401619079	0.24512359847389686	0.798087500046488	0.36363636363636365	0.5	0.728368998616327	36578	36522	36604	36563	36550	36627	False
0.773371104815864	0.16039379018619723	0.6875	1.0	112	54	54	1.9139906394127528	-1.6469815026405161	50	62	1.6630439157838204	3.560972142053269	2.6120080289185448	0.5535714285714286	0.5	1.223986564541196	36689	36604	36712	36658	36627	36739	False
0.31444759206798867	0.15447824825550993	0.344	1.0	86	43	40	0.5176886405275943	0.2509467236289324	59	27	1.7267280015854776	0.26674191689866195	0.9967349592420698	0.313953488372093	0.5180722891566265	0.40910129444003807	36766	36712	36795	36752	36739	36825	False
0.7563739376770539	0.06299828938471921	0.344	0.9097744360902256	250	103	126	1.6664907063376222	-1.2090393610578833	117	133	2.3101612176084103	2.8755300673955055	2.592845642501958	0.532	0.4497816593886463	0.5532003193912661	36958	36795	37024	36921	36825	37075	False
0.09348441926345609	0.06299828938471921	0.396	1.0	99	48	65	-0.4981343063585383	-0.6436705112707882	69	30	0.7271933666707372	0.14553620491224994	0.43636478579149357	0.30303030303030304	0.4247787610619469	0.4173806116946681	37105	37024	37137	37089	37075	37174	False
0.7535410764872521	0.2200976194262192	0.5129533678756477	1.0	193	110	80	1.5540860149411448	-1.2253276730292755	112	81	2.4056480985961763	2.77941368797042	2.592530893283298	0.41968911917098445	0.5789473684210527	0.757288191967137	37255	37137	37327	37217	37174	37367	False
0.1359773371104816	0.2200976194262192	0.6741071428571429	0.9099099099099099	151	49	59	-0.3220846639768025	-0.8515620836550315	111	40	0.6884217858510779	0.529477419678229	0.6089496027646535	0.26490066225165565	0.4537037037037037	0.4581576906041528	37407	37327	37435	37386	37367	37518	False
0.6883852691218131	0.0	0.32589285714285715	1.0	224	120	126	1.5821730193763617	-1.0105064498278804	140	84	2.116194638649163	2.592679469204242	2.3544370539267025	0.375	0.4878048780487805	0.4693277292467005	37602	37435	37681	37561	37518	37742	False
0.042492917847025496	0.0	0.2579505300353357	0.5	73	33	62	-0.536070291884906	-0.5340216192728016	72	1	0.6267131512854868	-0.0020486726121043963	0.3123322393366912	0.0136986301369863	0.3473684210526316	0.3295940835009546	37743	37681	37776	37743	37742	37815	False
0.9716713881019831	0.21135783022217342	0.2579505300353357	0.9845360824742269	283	126	90	1.8023924891653218	-1.1627834431703927	194	89	3.798596138149191	2.9651759323357147	3.381886035242453	0.31448763250883394	0.5833333333333334	0.611934395008676	37904	37776	37992	37866	37815	38098	False
0.9801699716713881	0.6734633169214148	0.7243816254416962	1.0	205	101	144	2.130802215036029	-1.9962036489838693	128	77	2.87179437441816	4.127005864019898	3.499400119219029	0.375609756097561	0.4122448979591837	1.1175901601733707	38175	37992	38237	38136	38098	38303	False
0.6260623229461756	0.09967150140482121	0.4039408866995074	0.9185185185185185	203	127	100	1.1930560055297823	-0.7409921593821311	135	68	2.3399255212108097	1.9340481649119134	2.1369868430613614	0.33497536945812806	0.5594713656387665	0.5522318822800255	38371	38237	38464	38337	38303	38506	False
0.08498583569405099	0.09967150140482121	0.36607142857142855	1.0	82	41	57	-0.9136456258064871	-1.1468695156810274	50	32	0.5809028362587763	0.23322388987454024	0.40706336306665825	0.3902439024390244	0.41836734693877553	0.337276478774975	38538	38464	38562	38521	38506	38588	False
0.9065155807365439	0.17873878025873363	0.36607142857142855	0.9580152671755725	224	129	79	1.7554616108349173	-1.4945484620652634	131	93	3.027574874139215	3.2500100729001806	3.1387924735196977	0.41517857142857145	0.6201923076923077	0.7669130850015621	38681	38562	38770	38641	38588	38812	False
0.8130311614730878	0.8355462375595123	0.9045801526717557	0.9128787878787878	237	137	105	1.2575655317124372	-1.272113263304298	132	105	2.865558376215583	2.529678795016735	2.6976185856161594	0.4430379746835443	0.5661157024793388	0.6621074684666416	38917	38770	39012	38875	38812	39049	False
0.9150141643059491	0.8369295312555984	0.6755725190839694	0.8622604020570359	262	122	138	1.8159016044315772	-1.6079928445031457	124	138	2.9198490921844416	3.423894448934723	3.1718717705595822	0.5267175572519084	0.46923076923076923	0.6234458353401053	39187	39012	39272	39150	39049	39311	False
0.6288951841359773	0.1466065337403651	0.6755725190839694	0.8925619834710744	177	56	129	1.3709344315662857	-1.103947487752864	56	121	1.9034666353997494	2.4748819193191496	2.1891742773594496	0.6836158192090396	0.3027027027027027	0.6694814595637673	39432	39272	39457	39401	39311	39488	False
0.2747875354107649	0.1466065337403651	0.7178217821782178	1.0	145	59	45	-0.2534715583270711	-0.5325322038334637	114	31	1.581142470909385	0.2790606455063926	0.9301015582078889	0.21379310344827587	0.5673076923076923	0.49735064204732643	39519	39457	39561	39502	39488	39633	False
0.9688385269121813	0.4135798162805149	0.7178217821782178	1.0	202	107	111	1.9884508512725059	-1.8346140292364561	127	75	2.8972437711911874	3.823064880508962	3.3601543258500746	0.3712871287128713	0.4908256880733945	1.0567289599932201	39708	39561	39779	39672	39633	39835	True
0.9490084985835694	0.7984906660394626	0.8669527896995708	1.0	233	125	109	2.003435519912456	-0.9087929199186814	141	92	3.647166540187472	2.912228439831137	3.2796974900093048	0.3948497854077253	0.5341880341880342	0.79765999159416	39927	39779	40013	39888	39835	40068	True
0.9235127478753541	0.8765797016928262	0.9221789883268483	1.0	237	111	138	1.7678323189124834	-1.6437310202750162	115	122	2.99050717417116	3.4115633391874995	3.20103525667933	0.5147679324894515	0.4457831325301205	0.832994125048517	40190	40013	40262	40151	40068	40305	True
0.7932011331444759	0.0401530496385139	0.2723735408560311	0.9083969465648856	257	113	136	1.4526226246957128	-1.222674855258677	126	131	2.601399485627021	2.6752974799543896	2.6383484827907053	0.5097276264591439	0.4538152610441767	0.5670676784697338	40436	40262	40511	40398	40305	40562	False
0.0028328611898017	0.03308845343207993	0.2723735408560311	1.0	70	37	66	-1.044322738255322	-1.1487768609313083	36	34	0.09091366696483183	0.1044541226759863	0.09768389482040907	0.4857142857142857	0.3592233009708738	0.23530422329314443	40596	40511	40614	40577	40562	40632	False
0.8923512747875354	0.03308845343207993	0.30701754385964913	1.0	228	116	67	1.6123585269953598	-1.1352364052201538	141	87	3.254122568796344	2.7475949322155135	3.0008587505059285	0.3815789473684211	0.6338797814207651	0.8892234882347351	40719	40614	40797	40681	40632	40860	False
0.886685552407932	0.0	0.5647058823529412	1.0	170	64	108	2.385597297961157	-1.6417640418009842	89	81	1.8670138822819244	4.027361339762141	2.9471876110220325	0.4764705882352941	0.37209302325581395	1.043932311000958	40941	40797	40969	40905	40860	41030	False
0.4475920679886686	0.0	0.5549132947976878	0.5	96	59	62	0.4945338966450576	0.5185834156792324	95	1	2.8197338908484393	-0.024049519034174793	1.3978421859071322	0.010416666666666666	0.48760330578512395	0.7308288068486108	41031	40969	41090	41031	41030	41126	False
0.9121813031161473	0.6031362289388398	0.5549132947976878	0.881578947368421	173	55	65	1.6185772944914447	-2.325199994203382	114	59	2.37863496167804	3.9437772886948266	3.161206125186433	0.34104046242774566	0.4583333333333333	1.184897923220377	41185	41090	41210	41155	41126	41299	True
0.49575070821529743	0.7084030771072124	0.8959537572254336	0.9714285714285714	155	57	114	0.9249746589809245	-0.7600576671865952	105	50	1.653995710437692	1.6850323261675197	1.6695140183026058	0.3225806451612903	0.3333333333333333	0.6810334147821908	41349	41210	41381	41324	41299	41454	True
0.48441926345609065	0.6154352292417794	0.6835443037974683	1.0	158	76	100	0.8750942797396901	-0.7290210514567674	104	54	1.70207016403838	1.6041153311964576	1.6530927476174186	0.34177215189873417	0.4318181818181818	0.6276546822319784	41508	41381	41557	41481	41454	41612	True
0.21529745042492918	0.5334083659139601	0.5934065934065934	1.0	108	53	81	0.22053805729186363	-0.8269758842986898	53	55	0.5587526998559086	1.0475139415905534	0.803133320723231	0.5092592592592593	0.39552238805970147	0.40330803401667625	41667	41557	41691	41638	41612	41720	True
0.37677053824362605	0.24902813590996245	0.5934065934065934	1.0	182	91	58	0.13498036098242672	-0.338214642564045	124	58	1.9001668298137928	0.4731950035464717	1.1866809166801322	0.31868131868131866	0.610738255033557	0.3571971659264659	41778	41691	41840	41749	41720	41902	True
0.943342776203966	0.46423052718234165	0.44308943089430897	0.976923076923077	246	118	153	2.3279670800033063	-1.765186468831366	116	130	2.447040109942886	4.093153548834673	3.2700968293887795	0.5284552845528455	0.4354243542435424	0.9122701794251643	42032	41840	42111	41993	41902	42148	True
0.5212464589235127	0.36197155219920596	0.44308943089430897	1.0	109	53	64	2.0064972786677586	-0.1190730299395793	53	56	1.4078623826771746	2.125570308607338	1.7667163456422563	0.5137614678899083	0.452991452991453	0.9329727770310955	42204	42111	42228	42175	42148	42257	True
0.29745042492917845	0.0	0.7913043478260869	1.0	115	55	49	1.1082410279311135	0.5986348959905841	74	41	1.4412804539027537	0.5096061319405294	0.9754432929216416	0.3565217391304348	0.5288461538461539	0.3159390203357894	42298	42228	42332	42277	42257	42372	False
0.19263456090651557	0.0	0.6373626373626373	0.5	91	49	41	-0.3348756696977758	-0.3330394259716403	90	1	1.5140192585693386	-0.0018362437261355002	0.7560915074216016	0.01098901098901099	0.5444444444444444	0.28973774866845425	42373	42332	42422	42373	42372	42463	False
0.014164305949008499	0.0	0.23577235772357724	0.5	58	20	79	-1.4545367857279192	-1.8488949282671143	1	57	-0.014203501456354628	0.3943581425391951	0.19007732054142024	0.9827586206896551	0.20202020202020202	0.10257867693356806	42520	42422	42521	42501	42463	42521	False
0.9320113314447592	0.0	0.23577235772357724	1.0	246	123	77	2.15582288927144	-1.4403332842715646	128	118	2.8939169086979177	3.5961561735430045	3.245036541120461	0.4796747967479675	0.615	0.5755797363877029	42639	42521	42721	42598	42521	42767	False
0.13031161473087818	0.19640610340005554	0.5	0.7763157894736843	234	42	67	-0.06165150876932787	-0.7380940194264776	190	44	0.498352483185707	0.6764425106571497	0.5873974969214284	0.18803418803418803	0.3853211009174312	0.3313366730237086	42811	42721	42830	42788	42767	43001	False
0.5524079320113314	0.10321496442906866	0.5	1.0	117	54	207	1.9773534249406257	-0.5600039919550349	49	68	1.1874750539304948	2.5373574168956607	1.8624162354130778	0.5811965811965812	0.20689655172413793	0.7377325755363296	43069	42830	43091	43037	43001	43118	False
0.26345609065155806	0.07225716651600114	0.39215686274509803	1.0	80	41	37	0.9124435664619734	0.789878371010131	59	21	1.6962358387621066	0.12256519545184241	0.9094005171069746	0.2625	0.5256410256410257	0.3782477091477044	43139	43091	43169	43128	43118	43198	False
0.16147308781869688	0.31329315622073817	0.39215686274509803	0.8909090909090909	204	87	47	-0.2464970636559244	-0.7837922723001332	165	39	0.8555953167277733	0.5372952086442088	0.696445262685991	0.19117647058823528	0.6492537313432836	0.4531515611760522	43237	43169	43303	43216	43198	43402	False
0.8640226628895185	0.31329315622073817	0.4858156028368794	1.0	282	134	141	1.6288811494847404	-1.1020923803836977	205	77	2.9536716188036514	2.730973529868438	2.8423225743360447	0.2730496453900709	0.48727272727272725	0.4855298755956556	43479	43303	43578	43444	43402	43684	False
0.7053824362606232	0.04055000189305803	0.4858156028368794	1.0	137	63	148	1.9455897979222019	-1.324790469318911	58	79	1.5689288422429688	3.270380267241113	2.419654554742041	0.5766423357664233	0.2985781990521327	1.0034218151562895	43763	43578	43789	43726	43684	43821	False
0.22946175637393768	0.040063455814081245	0.583941605839416	0.9090909090909092	80	42	40	0.4402810232022589	0.3766609556792332	58	22	1.5879825199868296	0.06362006752302574	0.8258012937549277	0.275	0.5121951219512195	0.3118790476273913	43843	43789	43871	43829	43821	43901	False
0.11048158640226628	0.09196367775909561	0.583941605839416	0.8230994152046784	137	99	53	-0.42150175762047326	-1.1477014967845707	38	99	0.24357865323900352	0.7261997391640974	0.48488919620155047	0.7226277372262774	0.6513157894736842	0.4683819793544366	44000	43871	44023	43924	43901	44038	False
0.623229461756374	0.09196367775909561	0.7603305785123967	1.0	121	56	49	1.9835593475141766	-0.6650804108594768	56	65	1.6094563119898677	2.6486397583736534	2.1290480351817607	0.5371900826446281	0.5333333333333333	0.8396558730438612	44103	44023	44128	44072	44038	44159	False
0.26062322946175637	0.09398254939606893	0.7419354838709677	1.0	92	46	43	0.5289480229876713	0.37410303552430896	67	25	1.6475929676136147	0.15484498746336234	0.9012189775384886	0.2717391304347826	0.5168539325842697	0.31534113733793484	44184	44128	44217	44171	44159	44251	False
0.1671388101983003	0.2373165959092872	0.62	1.0	124	65	60	-0.3822813658135119	-1.1186449446259434	68	56	0.677440329039105	0.7363635788124315	0.7069019539257683	0.45161290322580644	0.52	0.6438979914668849	44307	44217	44342	44277	44251	44375	True
0.8101983002832861	0.2373165959092872	0.62	1.0	200	90	75	1.7948630274819828	-1.059721694852617	121	79	2.4859005634935922	2.8545847223345997	2.670242642914096	0.395	0.5454545454545454	0.7952780753015766	44454	44342	44507	44417	44375	44575	True
0.6005665722379604	0.25195471156925403	0.6604938271604939	1.0	162	56	144	1.5580003670887566	-0.6910375360116096	56	106	1.952373832193922	2.249037903100366	2.100705867647144	0.654320987654321	0.28	0.8202856117854911	44681	44507	44707	44651	44575	44737	True
0.37393767705382436	0.25195471156925403	0.6604938271604939	1.0	107	55	47	0.09753632066061343	-0.39437346510516536	70	37	1.8774493118559237	0.4919097857657788	1.1846795488108512	0.34579439252336447	0.5392156862745098	0.7205391506629459	44774	44707	44809	44754	44737	44844	True
0.603399433427762	0.09866823096851689	0.7622950819672131	1.0	122	58	71	1.3982798435975439	-1.7799129911953102	50	72	1.0328625644941436	3.178192834792854	2.105527699643499	0.5901639344262295	0.4496124031007752	0.9914550638911855	44916	44809	44938	44880	44844	44966	False
0.32294617563739375	0.052546523386363994	0.7622950819672131	1.0	93	47	39	0.4673280011756431	0.36541727910340027	71	22	1.939437959061798	0.10191072207224283	1.0206743405670204	0.23655913978494625	0.5465116279069767	0.45603424743286997	44988	44938	45024	44977	44966	45059	False
0.09915014164305949	0.055371068380923164	0.42487046632124353	1.0	82	44	59	-0.7233824807407914	-1.472109957886155	29	53	0.15111973811036195	0.7487274771453636	0.44992360762786276	0.6463414634146342	0.42718446601941745	0.372039157153302	45112	45024	45127	45083	45059	45141	False
0.8583569405099151	0.055371068380923164	0.42487046632124353	1.0	193	109	55	1.854716171351099	-0.8745022188511533	116	77	2.9404322875059723	2.729218390202252	2.8348253388541123	0.39896373056994816	0.6646341463414634	0.9032814934524254	45218	45127	45291	45182	45141	45334	False
0.5410764872521246	0.035178493935159906	0.5958549222797928	1.0	115	53	72	1.368647063846677	-1.0857161161548732	56	59	1.1932097419687493	2.4543631800015504	1.8237864609851497	0.5130434782608696	0.424	0.9939903678863422	45393	45291	45416	45363	45334	45449	False
0.22096317280453256	0.02642687923476519	0.4824561403508772	1.0	110	69	42	0.21741264354914913	0.17543732187792777	89	21	1.5883571154327534	0.041975321671221366	0.8151662185519873	0.19090909090909092	0.6216216216216216	0.5346794018926043	45470	45416	45527	45458	45449	45559	False
0.6742209631728046	0.7234963158602313	0.4824561403508772	1.0	228	109	62	0.8146691739258014	-1.3709444718836041	168	60	2.4159542471142554	2.1856136458094055	2.3007839464618307	0.2631578947368421	0.6374269005847953	0.6869173856934433	45619	45527	45698	45589	45559	45787	True
0.8838526912181303	0.6113227636369932	0.7241379310344828	0.9104477611940298	203	129	124	1.737991429196641	-1.601285073188454	134	69	2.5425797293310373	3.339276502385095	2.9409281158580662	0.3399014778325123	0.5098814229249012	0.8467045621584748	45856	45698	45951	45822	45787	45990	True
0.4730878186968839	0.6113227636369932	0.7241379310344828	1.0	147	84	67	0.7497485667676513	-0.8045883001343965	84	63	1.428487572755189	1.5543368669020479	1.4914122198286184	0.42857142857142855	0.5562913907284768	0.7959371196682898	46053	45951	46102	46018	45990	46137	True
0.3597733711048159	0.7500615438164504	0.8547486033519553	1.0	153	85	61	0.39271458815583327	-0.6787390059875376	100	53	1.262638518731008	1.071453594143371	1.1670460564371896	0.3464052287581699	0.5821917808219178	0.5442996300140115	46190	46102	46248	46163	46137	46290	True
0.6147308781869688	0.6343913302861118	0.8547486033519553	1.0	179	112	72	0.7733759568126338	-0.8699239305751748	117	62	2.5903567860025403	1.6432998873878086	2.1168283366951743	0.3463687150837989	0.6086956521739131	0.9428463506771382	46352	46248	46432	46320	46290	46469	True
0.9858356940509915	0.19402326865111802	0.9132653061224489	1.0	196	83	71	2.16242896679691	-1.8169808291899063	128	68	3.1963240236463197	3.9794097959868164	3.587866909816568	0.3469387755102041	0.538961038961039	1.0859352928465287	46537	46432	46586	46503	46469	46665	False
0.0764872521246459	0.05713621730070272	0.69921875	0.8731884057971014	179	99	138	-0.41373382211345744	-1.0338950568494099	41	138	0.17898395071235151	0.6201612347359524	0.39957259272415196	0.770949720670391	0.4177215189873418	0.3523849891683781	46803	46586	46823	46724	46665	46844	False
0.9178470254957507	0.05713621730070272	0.69921875	0.9615384615384616	256	110	116	2.5398653621474994	-0.592717772825809	126	130	3.234378278253787	3.1325831349733084	3.1834807066135475	0.5078125	0.48672566371681414	0.7024370691180748	46974	46823	47049	46939	46844	47100	False
0.141643059490085	0.12175100170303875	0.84765625	0.9124293785310734	217	139	69	-0.30072412084233935	-0.6945129161062877	177	40	0.855766902542532	0.3937887952639484	0.6247778489032402	0.18433179723502305	0.6682692307692307	0.4800317487122566	47140	47049	47257	47118	47100	47317	False
0.8810198300283286	0.17974453556149608	0.6619718309859155	1.0	213	121	104	1.9695192141100848	-1.1564910233848713	131	82	2.753902160273804	3.126010237494956	2.93995619888438	0.38497652582159625	0.5377777777777778	0.6950704823884511	47399	47257	47482	47361	47317	47530	False
0.16997167138810199	0.17974453556149608	0.6619718309859155	0.9117647058823529	141	47	67	-0.2893840813835035	-0.7843829461637192	102	39	0.9281280942048877	0.49499886478021565	0.7115634794925517	0.2765957446808511	0.41228070175438597	0.5618550727726134	47569	47482	47596	47549	47530	47671	False
0.6515580736543909	0.11549341916944322	0.7478260869565218	1.0	115	53	111	2.037029179167982	-1.2175121755883913	47	68	1.2208362455414707	3.2545413547563733	2.237688800148922	0.591304347826087	0.3231707317073171	0.9271344773099304	47739	47596	47760	47707	47671	47786	False
0.35694050991501414	0.0661227837982416	0.6013986013986014	1.0	86	44	36	0.9571914858700818	0.8161929336265115	64	22	2.132374714800195	0.14099855224357039	1.1366866335218826	0.2558139534883721	0.55	0.4312687272705433	47808	47760	47840	47796	47786	47872	False
0.08781869688385269	0.12097792547688685	0.6013986013986014	0.8317307692307692	143	38	50	-0.6766033658799764	-1.1751832289301132	104	39	0.3206579581740061	0.4985798630501368	0.40961891061207145	0.2727272727272727	0.4318181818181818	0.4575475159443877	47911	47840	47928	47890	47872	48015	False
0.7365439093484419	0.12097792547688685	0.697560975609756	0.9770992366412214	205	121	125	1.6532879964934972	-0.9972613240539825	131	74	2.422000105767267	2.65054932054748	2.5362747131573737	0.36097560975609755	0.491869918699187	0.6821255342058621	48089	47928	48174	48053	48015	48220	False
0.5609065155807366	0.17386327219143916	0.6174496644295302	0.9545454545454546	149	54	114	1.6907747633668966	-0.7687121092737699	50	99	1.4530297846357767	2.4594868726406665	1.9562583286382216	0.6644295302013423	0.32142857142857145	0.8683192365570849	48319	48174	48342	48288	48220	48369	False
0.44192634560906513	0.1038510815471183	0.6174496644295302	1.0	92	46	40	0.49037349167951805	0.2377449787311198	66	26	2.432603581829604	0.2526285129483983	1.3426160473890012	0.2826086956521739	0.5348837209302325	0.5469540820698762	48395	48342	48428	48382	48369	48461	False
0.14730878186968838	0.0	0.48148148148148145	0.38362068965517243	117	90	60	-0.6578813039329103	-1.942230090150086	1	116	-0.011146014883001265	1.2843487862171756	0.6366013856670871	0.9914529914529915	0.6	0.5721695409039139	48577	48428	48578	48488	48461	48578	False
0.8186968838526912	0.0	0.48148148148148145	0.9427480916030535	243	127	76	1.8683026989153058	-0.6467352890499091	131	112	2.9157120763067894	2.515037987965215	2.715375032136002	0.4609053497942387	0.625615763546798	0.5687907076601322	48690	48578	48781	48654	48578	48821	False
0.6855524079320113	0.11862875889608047	0.6234817813765182	0.9758064516129032	247	117	125	1.4374175291926052	-1.0474093773914834	123	124	2.218292352985495	2.4848269065840887	2.351559629784792	0.5020242914979757	0.4834710743801653	0.4859427956568305	48945	48781	49023	48906	48821	49068	False
0.053824362606232294	0.11862875889608047	0.5900383141762452	0.8347107438016529	154	71	61	-0.5177215550895546	-0.78087482379289	121	33	0.41706531497492816	0.26315326870333533	0.34010929183913174	0.21428571428571427	0.5378787878787878	0.1813054964455088	49101	49023	49155	49084	49068	49222	False
0.5382436260623229	0.0	0.38697318007662834	0.9233333333333333	261	112	172	1.319025943082642	-0.9347868700644828	111	150	1.3824452287919642	2.2538128131471247	1.8181290209695444	0.5747126436781609	0.39436619718309857	0.28755790973253575	49372	49155	49439	49327	49222	49483	False
0.09631728045325778	0.0	0.36200716845878134	0.5	101	46	45	-0.06584339107838275	-0.06341928570932218	100	1	0.8895711138562005	-0.0024241053690605696	0.44357350424356995	0.009900990099009901	0.5054945054945055	0.2767017456898058	49484	49439	49530	49484	49483	49584	False
0.7620396600566572	0.35546085092517743	0.36200716845878134	0.9921052631578947	279	122	107	1.5471708333406866	-0.9554145049345832	190	89	2.69536254502521	2.50258533827527	2.59897394165024	0.31899641577060933	0.5327510917030568	0.5037530273186918	49673	49530	49759	49637	49584	49863	False
0.7110481586402266	0.14197294262675553	0.5257731958762887	1.0	194	114	139	1.3793695995245272	-1.1481917116845235	124	70	2.3531776916264593	2.527561311209051	2.440369501417755	0.36082474226804123	0.4505928853754941	0.6366253015212384	49933	49759	50012	49898	49863	50057	False
0.07365439093484419	0.14197294262675553	0.42323651452282157	1.0	102	49	63	-0.6397205306980879	-0.9738080921019322	63	39	0.4511635710242684	0.3340875614038443	0.39262556621405637	0.38235294117647056	0.4375	0.4309159593502267	50096	50012	50124	50075	50057	50159	False
0.7138810198300283	0.0	0.33195020746887965	1.0	241	124	83	1.4515862594125133	-1.0908841017223563	149	92	2.3404865948831026	2.5424703611348693	2.441478478008986	0.3817427385892116	0.5990338164251208	0.4018224633986874	50251	50124	50331	50207	50159	50400	False
0.04815864022662889	0.0	0.33195020746887965	0.4177215189873418	80	55	70	-0.9066272033574337	-0.8889003354705893	79	1	0.6802134939791885	-0.01772686788684441	0.33124331304617205	0.0125	0.44	0.4186977105993992	50401	50331	50456	50401	50400	50480	False
0.6940509915014165	0.20254410156715985	0.7142857142857143	1.0	112	53	57	1.771506885812534	-1.5868406973366223	48	64	1.377515066517519	3.3583475831491563	2.3679313248333376	0.5714285714285714	0.4818181818181818	1.0196959330472841	50544	50456	50566	50513	50480	50592	False
0.37960339943342775	0.19870536373463404	0.9032258064516129	1.0	124	73	43	0.7906130024807958	0.3939918192950149	86	38	1.996026557770521	0.3966211831857809	1.196323870478151	0.3064516129032258	0.6293103448275862	0.6590628972959128	50630	50566	50682	50609	50592	50716	False
0.6912181303116147	0.1841146171835566	0.9043478260869565	1.0	115	54	64	1.5902295802424955	-1.2054135552897252	56	59	1.9353400873657136	2.7956431355322207	2.365491611448967	0.5130434782608696	0.4576271186440678	1.1152363189215158	50775	50682	50800	50746	50716	50831	False
0.18980169971671387	0.1841146171835566	0.47706422018348627	1.0	104	49	46	0.011213892182111211	-0.3451105071232181	71	33	1.1508623615151043	0.35632439930532933	0.7535933804102168	0.3173076923076923	0.5157894736842106	0.44302866564215504	50864	50800	50895	50846	50831	50935	False
0.8951841359773371	0.35829145684838704	0.47706422018348627	0.890625	218	67	95	2.0724358254987925	-1.1396484693329931	128	90	2.8123314386492884	3.2120842948317856	3.012207866740537	0.41284403669724773	0.41358024691358025	0.9545003493347053	51025	50895	51057	50990	50935	51153	False
0.5155807365439093	0.0	0.6284403669724771	1.0	137	55	122	1.0199926404982795	-0.7398956131504958	85	52	1.7157649948419298	1.7598882536487754	1.7378266242453526	0.3795620437956204	0.3107344632768362	0.6724906565600844	51205	51057	51234	51179	51153	51290	False
0.17563739376770537	0.0	0.4791666666666667	0.4340659340659341	92	65	57	-0.7151446966984238	-0.6957723543436504	91	1	1.4512373490728385	-0.019372342354773475	0.7159325033590325	0.010869565217391304	0.5327868852459017	0.5916419370478131	51291	51234	51356	51291	51290	51382	False
0.8158640226628895	0.0	0.4791666666666667	0.890625	192	92	57	1.6443376999997974	-2.1663820457712624	128	64	1.6022488740802472	3.8107197457710598	2.7064843099256537	0.3333333333333333	0.6174496644295302	0.653327693698751	51446	51356	51505	51413	51382	51574	False
0.3059490084985836	0.0	0.43859649122807015	0.5	100	50	70	0.04010810793847562	0.04208882591955018	99	1	1.9811400215454253	-0.0019807179810745618	0.9895796517821754	0.01	0.4166666666666667	0.43557987228035616	51575	51505	51625	51575	51574	51674	False
0.4702549575070821	0.1841693272232967	0.43859649122807015	1.0	228	118	103	0.5499085790861821	-1.9410319136069498	95	133	0.4587548346925613	2.490940492693132	1.4748476636928465	0.5833333333333334	0.5339366515837104	0.4382005503580905	51807	51625	51846	51728	51674	51902	False
0.6373937677053825	0.21083041843102263	0.4140625	0.907258064516129	256	69	151	2.2670960875648083	0.0911537443936208	124	132	2.2660740757481492	2.1759423431711875	2.2210082094596686	0.515625	0.31363636363636366	0.6135885099824518	52034	51846	52066	51997	51902	52158	False
0.43909348441926344	0.1840736570694551	0.4140625	1.0	106	51	117	1.0964463826312496	0.0010220118166592686	57	49	1.5891241138105174	1.0954243708145903	1.3422742423125538	0.46226415094339623	0.30357142857142855	0.6721446244330627	52207	52066	52234	52183	52158	52264	False
0.3314447592067989	0.16031201392534272	0.3504273504273504	1.0	82	43	44	-0.20016184401290893	-0.4926777311792679	54	28	1.8246660372103087	0.29251588716635896	1.0585909621883338	0.34146341463414637	0.4942528735632184	0.6661828141087327	52292	52234	52321	52278	52264	52346	False
0.8611898016997167	0.638184242454145	0.3504273504273504	0.9335260115606936	234	131	54	0.8343245638348652	-2.0248278812232177	173	61	2.8190915137370327	2.8591524450580827	2.8391219793975577	0.2606837606837607	0.7081081081081081	0.6612473319796286	52407	52321	52506	52375	52346	52580	False
0.9631728045325779	0.0683455368219142	0.6307692307692307	1.0	260	102	168	2.1942188042131754	-1.9847669499021676	120	140	2.504780408928075	4.1789857541153435	3.3418830815217095	0.5384615384615384	0.37777777777777777	0.6107076309225898	52720	52506	52776	52674	52580	52840	False
0.025495750708215296	0.0683455368219142	0.6307692307692307	0.85546875	164	46	81	-0.13937104304569672	-0.3105616047148998	128	36	0.3289968048076417	0.17119056166920307	0.2500936832384224	0.21951219512195122	0.36220472440944884	0.3651568132184263	52876	52776	52903	52857	52840	53004	False
0.71671388101983	0.013915180760687918	0.5876777251184834	1.0	211	114	141	1.8952716113313481	-0.46836784785333846	136	75	2.532478331606419	2.3636394591846868	2.448058895395553	0.35545023696682465	0.4470588235294118	0.529960070514095	53079	52903	53158	53044	53004	53215	False
0.0339943342776204	0.013915180760687918	0.5876777251184834	0.9375	124	77	66	-0.601966826518242	-0.6372067202750706	100	24	0.5110874943559564	0.03523989375682868	0.2731636940563925	0.1935483870967742	0.5384615384615384	0.32196025335837214	53239	53158	53301	53224	53215	53339	False
0.5892351274787535	0.1820876149914105	0.42134831460674155	1.0	178	60	129	1.5710122002077866	-1.1130543208741983	51	127	1.4997183423386609	2.684066521081985	2.091892431710323	0.7134831460674157	0.31746031746031744	0.5706370524366052	53466	53301	53490	53430	53339	53517	False
0.2776203966005666			1.0	75	40	39	0.3443739939844441	0.0712938578691257	49	26	1.6037931287659861	0.27308013611531845	0.9384366324406523	0.3466666666666667	0.5063291139240507	0.6225295938423072	53543	53490	53569	53529	53517	53592	False
