amp_fraction	amp_consistency	period_consistency	monotonicity	period	time_peak	time_trough	volt_peak	volt_trough	time_decay	time_rise	volt_decay	volt_rise	volt_amp	time_rdsym	time_ptsym	band_amp	sample_peak	sample_last_zerox_decay	sample_zerox_decay	sample_zerox_rise	sample_last_trough	sample_next_trough	is_burst
0.8625429553264605			1.0	112	54	93	1.9927457433304612	-2.2103233985952278	44	68	1.5497972790545673	4.203069141925689	2.876433210490128	0.6071428571428571	0.3673469387755102	1.3934130781249088	300	174	321	267	232	344	False
0.36769759450171824	0.011756386691228507	0.9411764705882353	1.0	112	51	45	1.777223210994901	0.4429484642758938	66	46	1.3679642530879108	1.3342747467190073	1.351119499903459	0.4107142857142857	0.53125	0.44709497218214345	390	321	417	366	344	456	False
0.3951890034364261	0.005751143931815398	0.6722689075630253	1.0	119	69	46	0.4253412746460694	0.40925895790699035	103	16	2.7963683277185067	0.01608231673907906	1.4062253222287928	0.13445378151260504	0.6	0.6503737431430988	472	417	532	463	456	575	False
0.06872852233676977	0.01567281496871125	0.6299212598425197	1.0	80	42	71	-1.312101954699579	-2.3710270530724373	19	61	0.05438753030341226	1.0589250983728584	0.5566563143381353	0.7625	0.37168141592920356	0.3581808114095496	636	532	645	603	575	655	False
0.7869415807560137	0.01567281496871125	0.6299212598425197	1.0	127	58	53	2.103693147280356	-1.3664894850029912	50	77	1.6554886944276104	3.4701826322833473	2.5628356633554787	0.6062992125984252	0.5225225225225225	0.9815769092178391	732	645	756	698	655	782	False
0.5979381443298969	0.5399174386572442	0.8705035971223022	1.0	121	61	51	1.7885528745207802	0.44820445285274574	70	51	2.48250626058946	1.3403484216680344	1.9114273411287472	0.4214876033057851	0.5446428571428571	0.8549805450062119	833	756	868	807	782	903	True
0.6288659793814433	0.5846756286617366	0.8705035971223022	1.0	139	78	63	0.8422177722453144	-0.69395338606868	77	62	2.627390441825213	1.5361711583139943	2.0817808000696036	0.4460431654676259	0.5531914893617021	1.1521935680281872	965	868	1009	931	903	1042	True
0.7422680412371134	0.5693998775002712	0.8776978417266187	1.0	122	58	64	1.2735991366386152	-1.7851726695798986	60	62	1.7416642917621052	3.058771806218514	2.4002180489903093	0.5081967213114754	0.47540983606557374	1.2140283414848858	1104	1009	1131	1073	1042	1164	True
0.2542955326460481	0.6053270614058927	0.8222222222222222	1.0	111	56	62	0.5862113725644406	-0.46806515512349	53	58	1.1027119752524064	1.0542765276879305	1.0784942514701683	0.5225225225225225	0.4745762711864407	0.522132527085174	1222	1131	1249	1193	1164	1275	True
0.27835051546391754	0.6117394793914094	0.6666666666666666	0.9382716049382716	135	56	53	0.611689485139799	-0.5165006026879658	81	54	1.111101812779823	1.1281900878277649	1.1196459503037939	0.4	0.5137614678899083	0.5228368467328058	1329	1249	1358	1302	1275	1410	True
0.19243986254295534	0.5597991651440313	0.6206896551724138	1.0	90	48	69	0.18029251686075615	-0.49941232764002386	52	38	1.2141941017827316	0.6797048445007801	0.9469494731417558	0.4222222222222222	0.41025641025641024	0.4793772383431367	1448	1358	1475	1427	1410	1500	True
0.5120274914089347	0.7439001692590129	0.6206896551724138	1.0	145	80	52	0.5982987451198511	-1.0339015849219755	86	59	1.6958090808888746	1.6322003300418266	1.6640047054653506	0.4068965517241379	0.6060606060606061	0.8248845546562026	1559	1475	1607	1527	1500	1645	True
0.2646048109965636	0.2734676332054609	0.6482758620689655	1.0	94	47	66	0.6497795776187378	-1.0975103357690235	36	58	0.47782723713792585	1.7472899133877613	1.1125585752628435	0.6170212765957447	0.415929203539823	0.5261330480405496	1703	1607	1720	1673	1645	1739	True
0.4879725085910653	0.45036862703790537	0.8545454545454545	1.0	110	56	43	1.2329215298326923	0.17195234048081198	61	49	2.1447129724358622	1.0609691893518804	1.6028410808938713	0.44545454545454544	0.5656565656565656	0.7697147183229026	1788	1720	1819	1763	1739	1849	True
0.6013745704467354	0.7497107148494553	0.856	1.0	107	53	56	0.995185325402291	-0.9117914426031698	54	53	1.918526067254724	1.9069767680054608	1.9127514176300924	0.4953271028037383	0.48623853211009177	0.9253426605778909	1902	1819	1928	1875	1849	1956	True
0.5910652920962199	0.6096124176744595	0.856	1.0	125	67	55	0.5149988074864202	-0.9233407418524331	68	57	2.359432825902415	1.4383395493388533	1.8988861876206342	0.456	0.5491803278688525	1.064874462016442	2013	1928	2050	1983	1956	2081	True
0.9209621993127147	0.6401988593495819	0.672514619883041	1.0	115	56	62	1.8410346315898967	-1.8444340184159946	54	61	2.5364848054665265	3.685468650005891	3.110976727736209	0.5304347826086957	0.4745762711864407	1.5202967755311962	2142	2050	2168	2112	2081	2196	True
0.7766323024054983	0.3460351328092232	0.672514619883041	1.0	171	88	56	1.3893241166145522	-0.6954501738766299	108	63	2.965161307720237	2.084774290491182	2.52496779910571	0.3684210526315789	0.6111111111111112	0.8783702357761609	2259	2168	2312	2224	2196	2367	True
0.0859106529209622	0.08624713265933069	0.72	0.8986013986013985	175	51	163	-0.5497872041879427	-1.575837191105685	32	143	0.2524156042060288	1.0260499869177422	0.6392327955618855	0.8171428571428572	0.2383177570093458	0.32601320439775605	2510	2312	2526	2475	2367	2542	False
0.711340206185567	0.08624713265933069	0.72	1.0	126	60	53	2.1244522168003193	-0.8022028083939715	55	71	1.7415949524502443	2.926655025194291	2.3341249888222677	0.5634920634920635	0.5309734513274337	1.0002301419603163	2613	2526	2639	2579	2542	2668	False
0.6357388316151202	0.4043610924339299	0.7544910179640718	1.0	167	100	54	1.6066894876566877	0.382857264350075	113	54	3.026582542697476	1.2238322233066128	2.1252073830020444	0.32335329341317365	0.6493506493506493	0.7361401346861446	2722	2639	2793	2693	2668	2835	True
0.7835051546391752	0.44845496305773885	0.6918604651162791	0.8849206349206349	172	52	137	2.109394433868895	-1.4198930550407884	46	126	1.582726490459132	3.5292874889096835	2.5560069896844078	0.7325581395348837	0.2751322751322751	0.8339896649734164	2961	2793	2982	2930	2835	3007	True
0.5154639175257731	0.49377011940195925	0.6918604651162791	1.0	119	58	46	1.6358412560075855	0.526667943409763	74	45	2.2463354281972805	1.1091733125978225	1.6777543703975515	0.37815126050420167	0.5576923076923077	0.6885964063853783	3052	2982	3086	3028	3007	3126	True
0.6082474226804123	0.4144026538532906	0.8321678321678322	1.0	143	79	72	0.5423708022982352	-0.610494172189695	74	69	2.7819922574532416	1.1528649744879302	1.967428615970586	0.4825174825174825	0.5231788079470199	1.1755701392514273	3195	3086	3237	3158	3126	3269	True
0.9381443298969072	0.34236397827687093	0.8827160493827161	1.0	162	76	63	1.4362613330778764	-2.2396214551550067	95	67	2.687454493854976	3.675882788232883	3.181668641043929	0.41358024691358025	0.5467625899280576	1.2876833321878915	3336	3237	3376	3300	3269	3431	True
0.09621993127147767	0.11850572027937073	0.8253968253968254	0.8780487804878049	156	45	150	-0.33110554882285537	-1.2511931607770994	33	123	0.3955666298958461	0.920087611954244	0.657827120925045	0.7884615384615384	0.23076923076923078	0.36317072341738665	3554	3376	3571	3526	3431	3587	False
0.9553264604810997	0.07077098772934862	0.49206349206349204	1.0	189	102	51	2.611281710454914	-0.7266721787187015	121	68	3.178254954178157	3.3379538891736154	3.258104421675886	0.35978835978835977	0.6666666666666666	0.8112693690072932	3655	3571	3724	3622	3587	3776	False
0.14432989690721648	0.07077098772934862	0.49206349206349204	1.0	93	39	71	-0.34204500136035887	-0.5669732437232426	59	34	1.4326113151835755	0.22492824236288378	0.8287697787732297	0.3655913978494624	0.35454545454545455	0.3860028494397499	3810	3724	3834	3795	3776	3869	False
0.013745704467353952	0.0	0.4488888888888889	0.375	101	73	63	-1.147546806411179	-1.7746563165439344	1	100	-0.01905480828323869	0.6271095101327555	0.3040273509247584	0.9900990099009901	0.5367647058823529	0.25183831588378197	3969	3834	3970	3897	3869	3970	False
0.9656357388316151	0.0	0.4488888888888889	0.9279661016949152	225	95	83	2.5139886788929697	-1.1284919981279402	107	118	2.930303349415523	3.64248067702091	3.2863920132182165	0.5244444444444445	0.5337078651685393	0.9505764582616606	4088	3970	4148	4053	3970	4195	False
0.9243986254295533	0.5841805098316333	0.8290155440414507	1.0	193	104	74	1.9116686903166902	-0.41631467052255344	138	55	3.9850411331083126	2.3279833608392435	3.156512246973778	0.2849740932642487	0.5842696629213483	1.0699935886592788	4250	4148	4326	4222	4195	4388	True
0.9518900343642611	0.7008152848733911	0.8290155440414507	1.0	160	84	96	1.7340245108110572	-2.0733724427916225	91	69	2.668281980665143	3.8073969536026797	3.2378394671339112	0.43125	0.4666666666666667	1.5610952613636018	4457	4326	4506	4422	4388	4548	True
0.9072164948453608	0.4733544297093729	0.7899543378995434	1.0	173	86	70	1.6131156621239235	-0.934257469854086	115	58	3.620468924538468	2.5473731319780093	3.0839210282582386	0.3352601156069364	0.5512820512820513	1.0882335798485214	4606	4506	4662	4576	4548	4721	True
0.1958762886597938	0.07173454285124195	0.7899543378995434	0.7701183431952663	219	150	115	-0.2935882593591315	-2.0073532624145445	50	169	0.1993598218721751	1.713765003055413	0.956562412463794	0.771689497716895	0.5660377358490566	0.5625614077632191	4890	4662	4927	4777	4721	4940	False
0.8591065292096219	0.07173454285124195	0.8082191780821918	0.9690265486725664	177	105	47	2.286184731890448	-0.4929480812313066	113	64	2.9614864116608386	2.7791328131217545	2.8703096123912966	0.3615819209039548	0.6907894736842105	0.9787915477965033	5004	4927	5079	4974	4940	5117	False
0.8694158075601375	0.30190228543288755	0.8081395348837209	1.0	172	103	63	1.6761051847696762	-0.6753016797703908	120	52	3.5246860189292164	2.351406864540067	2.9380464417346417	0.3023255813953488	0.6204819277108434	0.8978599131772932	5169	5079	5245	5142	5117	5289	False
0.058419243986254296	0.02488696971570934	0.6474820143884892	0.8821138211382114	139	105	70	-0.7844700696114643	-1.8485808341595404	16	123	0.02737507010391227	1.0641107645480763	0.5457429173259942	0.8848920863309353	0.6	0.3570133027822605	5412	5245	5420	5315	5289	5428	False
0.1134020618556701	0.02488696971570934	0.5660377358490566	0.9166666666666667	90	44	39	0.2881308885687086	-0.8118451397153765	36	54	0.29252969965520365	1.0999760282840851	0.6962528639696444	0.6	0.5301204819277109	0.1950775842287012	5482	5420	5503	5459	5428	5518	False
0.6323024054982818	0.14205974690567058	0.5660377358490566	1.0	159	73	44	2.054803081265509	-0.004398811086495034	100	59	2.134948104377663	2.059201892352004	2.0970749983648336	0.3710691823899371	0.6239316239316239	0.7918818167312359	5577	5503	5620	5547	5518	5677	False
0.7147766323024055	0.2667288979950136	0.44508670520231214	1.0	173	98	83	1.210159442397086	-0.08014502311215405	122	51	3.3780233170612926	1.2903044655092402	2.3341638912852662	0.2947976878612717	0.5414364640883977	0.7259689070088369	5728	5620	5801	5703	5677	5850	False
0.07560137457044673	0.09987674960023987	0.44508670520231214	1.0	77	39	71	-1.2668474379029875	-2.1678638746642065	31	46	0.3267839996239701	0.901016436761219	0.6139002181925945	0.5974025974025974	0.35454545454545455	0.3191453248844257	5896	5801	5911	5872	5850	5927	False
0.7697594501718213	0.09987674960023987	0.48125	1.0	160	78	51	1.678241154762382	-1.5936314375269576	90	70	1.705871298964079	3.2718725922893395	2.488871945626709	0.4375	0.6046511627906976	0.9905854613238951	5997	5911	6040	5962	5927	6087	False
0.6391752577319587	0.5182032847627256	0.8971428571428571	1.0	157	84	73	1.4272482871311807	-0.02763014420169701	105	52	2.8075438232681913	1.4548784313328778	2.1312111273005345	0.33121019108280253	0.535031847133758	0.8372952923357598	6139	6040	6197	6113	6087	6244	True
0.6804123711340206	0.7579659298670669	0.813953488372093	1.0	175	89	98	1.1947446956531775	-1.3802955361370104	86	89	1.9517927637339574	2.575040231790188	2.2634164977620728	0.5085714285714286	0.47593582887700536	0.9829434434711619	6333	6197	6384	6295	6244	6419	True
0.7010309278350515	0.6418632566329854	0.5255813953488372	0.9197530864197531	215	80	60	1.041529381041621	-0.7570480680807798	162	53	2.8021193463498406	1.798577449122401	2.300348397736121	0.24651162790697675	0.5714285714285714	0.7186327956507138	6472	6384	6524	6444	6419	6634	True
0.697594501718213	0.5520393772672121	0.5255813953488372	1.0	113	53	140	1.1961780979754786	-1.7605899653082195	54	59	1.6322524003787136	2.956768063283698	2.2945102318312056	0.5221238938053098	0.27461139896373055	1.1251702286085163	6693	6524	6717	6664	6634	6747	True
0.15463917525773196	0.6024747207978289	0.6984126984126984	1.0	126	60	74	0.6314630804951461	-0.43607430240323486	44	82	0.6431642867029471	1.067537382898381	0.855350834800664	0.6507936507936508	0.44776119402985076	0.4291972933463825	6829	6717	6851	6791	6747	6873	True
0.1718213058419244	0.6438079965178785	0.6984126984126984	1.0	88	44	42	0.689303888598664	-0.011701206207800973	47	41	1.0888418575071213	0.701005094806465	0.8949234761567931	0.4659090909090909	0.5116279069767442	0.376316171908984	6914	6851	6937	6893	6873	6961	True
0.09965635738831616	0.37652292705032797	0.7962962962962963	1.0	86	44	47	0.5861190202828863	-0.3995379689084574	37	49	0.3711224546379382	0.9856569891913437	0.678389721914641	0.5697674418604651	0.4835164835164835	0.3315599586005209	7010	6937	7028	6984	6961	7047	False
0.2508591065292096	0.40824173323756663	0.4931506849315068	1.0	108	55	42	0.8374310949310548	0.21499656564494812	62	46	1.524671484098113	0.6224345292861067	1.07355300669211	0.42592592592592593	0.5670103092783505	0.6098158392440651	7093	7028	7125	7070	7047	7155	True
0.7594501718213058	0.524892399315565	0.4931506849315068	1.0	219	114	62	1.0011577675105052	-0.6872403891670582	148	71	3.2166557543587126	1.6883981566775634	2.452526955518138	0.3242009132420091	0.6477272727272727	0.7810289441108031	7226	7125	7301	7187	7155	7374	True
0.6563573883161512	0.36859751733278895	0.5251141552511416	1.0	115	56	108	0.9662579778385927	-2.2154979868482076	46	69	1.1727873493423475	3.1817559646868006	2.177271657014574	0.6	0.34146341463414637	1.0675471232346962	7443	7301	7465	7409	7374	7489	True
0.6116838487972509	0.5487307039178765	0.7456647398843931	1.0	129	70	52	1.1952413278445633	-0.20652937150375472	68	61	2.554569462470079	1.4017706993483179	1.9781700809091984	0.4728682170542636	0.5737704918032787	0.9986146081387861	7550	7465	7587	7517	7489	7618	True
0.9106529209621993	0.278647740366265	0.6358381502890174	1.0	173	78	61	1.6824132981787847	-1.3593281346255155	111	62	3.142750844372892	3.0417414328043	3.092246138588596	0.3583815028901734	0.5611510791366906	1.0997318914721572	7680	7587	7726	7648	7618	7791	True
0.10996563573883161	0.1505493159722032	0.5913978494623656	1.0	110	51	105	-0.5846171248754295	-1.4603375461941073	38	72	0.5136660578172176	0.8757204213186778	0.6946932395679477	0.6545454545454545	0.3269230769230769	0.5608339659867361	7863	7726	7882	7831	7791	7901	False
0.8350515463917526	0.1505493159722032	0.5913978494623656	0.9146341463414633	186	66	51	2.313662295107191	-1.0982831826926471	123	63	2.212295010611548	3.411945477799838	2.812120244205693	0.3387096774193548	0.5641025641025641	0.7017768852566848	7964	7882	7999	7933	7901	8087	False
0.27491408934707906	0.2627404590518772	0.6236559139784946	1.0	116	59	114	0.6826266911418988	0.101367284495643	69	47	1.6575547834460944	0.5812594066462557	1.1194070950461752	0.4051724137931034	0.34104046242774566	0.7198275666191155	8134	7999	8172	8113	8087	8203	True
0.8487972508591065	0.6995483992263914	0.7448275862068966	1.0	145	87	57	1.3945359580447612	-0.9749280923041957	88	57	3.297646724667344	2.369464050348957	2.8335553875081505	0.3931034482758621	0.6041666666666666	1.0035062555833174	8260	8172	8316	8229	8203	8348	True
0.7044673539518901	0.6720932120048042	0.7058823529411765	0.9320987654320987	108	57	45	0.5348465126114326	-1.903110766622583	81	27	2.195785839851485	2.4379572792340154	2.3168715595427503	0.25	0.5588235294117647	0.873392762244279	8375	8316	8418	8361	8348	8456	True
0.8831615120274914	0.6720932120048042	0.7058823529411765	1.0	153	90	66	1.6061459529424664	-1.6609393272400528	93	60	2.687528574720761	3.267085280182519	2.9773069274516404	0.39215686274509803	0.5769230769230769	1.3218625813834777	8516	8418	8574	8484	8456	8609	True
0.9037800687285223	0.3517369495438165	0.9745222929936306	1.0	157	81	64	1.59108333094379	-1.0813826217782947	96	61	3.4839095240052247	2.6724659527220846	3.0781877383636544	0.3885350318471338	0.5586206896551724	1.2698870223642982	8670	8574	8719	8638	8609	8766	True
0.07903780068728522	0.0027429273750120423	0.6818181818181818	0.9143835616438356	154	116	80	-0.6674064846011869	-1.8928261930614345	8	146	0.003361237264214889	1.2254197084602476	0.6143904728622313	0.948051948051948	0.5918367346938775	0.3306192311637818	8912	8719	8915	8799	8766	8920	False
0.061855670103092786	0.004296271849139813	0.6363636363636364	1.0	105	50	44	0.11159367942438533	-0.6707677218654018	36	69	0.32739540587700644	0.7823614012897872	0.5548784035833968	0.6571428571428571	0.5319148936170213	0.2442548338346671	8989	8915	9009	8959	8920	9025	False
0.5189003436426117	0.1754601259267739	0.6363636363636364	0.9252336448598131	165	64	46	1.6501231048884941	-0.21580172645262108	107	58	1.508097384632472	1.8659248313411152	1.6870111079867935	0.3515151515151515	0.5818181818181818	0.6030185434043074	9083	9009	9119	9055	9025	9190	False
0.8041237113402062	0.3515568109128359	0.806282722513089	1.0	191	112	95	1.509584290924686	0.14202572025602214	142	49	3.8900073280267997	1.3675585706686637	2.6287829493477317	0.25654450261780104	0.5410628019323671	0.807778696614186	9239	9119	9326	9214	9190	9381	True
0.8797250859106529	0.4147707171961712	0.7467532467532467	1.0	154	67	91	1.8184799555222675	-2.380423037102114	82	72	1.7415820056879643	4.198902992624381	2.9702424991561727	0.4675324675324675	0.4240506329113924	1.3874564051516953	9453	9326	9484	9417	9381	9535	True
0.29896907216494845	0.5566088229567242	0.7467532467532467	1.0	115	54	82	1.0462778601028921	0.07689794983430329	58	57	1.4005347430439055	0.9693799102685888	1.1849573266562472	0.4956521739130435	0.39705882352941174	0.48189611777278263	9592	9484	9620	9566	9535	9650	True
0.5017182130584192	0.3284116275793041	0.7757575757575758	1.0	128	71	58	0.46146109028781307	-0.3542568829410133	67	61	2.48382793033675	0.8157179732288264	1.6497729517827882	0.4765625	0.5503875968992248	0.9824939796578922	9711	9620	9749	9678	9650	9778	True
0.9415807560137457	0.7386284322642306	0.7757575757575758	1.0	165	98	57	1.340390159059116	-2.022366840048937	106	59	3.0048808658056805	3.3627569991080533	3.183818932456867	0.3575757575757576	0.632258064516129	1.3439440029797924	9837	9749	9904	9806	9778	9943	True
0.9347079037800687	0.5968489002275209	0.7757009345794392	1.0	166	92	68	1.483810126926941	-1.6644907067465642	104	62	3.2067622353943914	3.148300833673505	3.1775315345339483	0.37349397590361444	0.575	1.2345671712773052	10005	9904	10064	9972	9943	10109	True
0.24398625429553264	0.09258483200111461	0.7725631768953068	0.949438202247191	214	98	144	0.1910004050188388	-1.7229521084674504	36	178	0.19176529554826355	1.9139525134862891	1.0528589045172763	0.8317757009345794	0.4049586776859504	0.34662929629779343	10287	10064	10306	10208	10109	10323	False
0.7663230240549829	0.09258483200111461	0.6064981949458483	0.8193792383933229	277	130	119	2.0704739010034574	-0.0007648905294247397	142	135	2.867388676201921	2.071238791532882	2.4693137338674016	0.48736462093862815	0.5220883534136547	0.4555801277831634	10458	10306	10555	10425	10323	10600	False
0.5876288659793815	0.4954032002436268	0.6064981949458483	0.9267241379310345	168	44	143	0.6235987513343048	-0.7969147751984635	52	116	2.376412363751598	1.4205135265327682	1.898462945142183	0.6904761904761905	0.23529411764705882	0.7863469661621236	10716	10555	10742	10698	10600	10768	True
0.9175257731958762	0.7095210990527363	0.9763313609467456	1.0	165	102	54	1.5965051984317236	-1.752813612417293	105	60	2.864976812254352	3.3493188108490166	3.1071478115516844	0.36363636363636365	0.6538461538461539	1.2400327445809582	10828	10742	10898	10796	10768	10933	True
0.8969072164948454	0.8356523883428794	0.9548022598870056	0.9260869565217391	169	108	61	1.5058241049149177	-1.2684716138226289	115	54	3.3199159811402534	2.7742957187375463	3.0471058499389	0.31952662721893493	0.6390532544378699	1.1176277367747027	10987	10898	11067	10959	10933	11102	True
0.9450171821305842	0.5918304636364041	0.7468354430379747	0.9672131147540983	177	102	62	1.404234803765903	-1.8140918762253357	122	55	3.1627067565710156	3.2183266799912387	3.190516718281127	0.3107344632768362	0.6219512195121951	0.9711490414604297	11157	11067	11231	11129	11102	11279	True
0.31958762886597936	0.24315238646969095	0.5569620253164557	0.8908629441624365	237	124	142	0.11331425328229942	-1.7584719528051127	40	197	0.589225335279184	1.8717862060874122	1.230505770683298	0.8312236286919831	0.46616541353383456	0.35354297853048494	11476	11231	11497	11373	11279	11516	True
0.6254295532646048	0.24315238646969095	0.5569620253164557	1.0	132	59	50	1.9473648884103858	-0.47591108199688453	70	62	1.725660569398014	2.4232759704072704	2.074468269902642	0.4696969696969697	0.5412844036697247	0.9039938794722696	11578	11497	11606	11547	11516	11648	True
0.12371134020618557	0.27879277656432977	0.7310924369747899	1.0	119	55	79	0.7028060205624265	0.2217043190123718	56	63	0.9833407212350291	0.48110170155005466	0.7322212113925419	0.5294117647058824	0.41044776119402987	0.4135877962953837	11711	11606	11740	11685	11648	11767	True
0.09278350515463918	0.48351983191401865	0.6904761904761905	1.0	87	44	47	0.2632486569952991	-0.28053470067260267	46	41	0.7706975865063301	0.5437833576679018	0.6572404720871159	0.47126436781609193	0.4835164835164835	0.26959527162977165	11808	11740	11831	11787	11767	11854	False
0.5807560137457045	0.48351983191401865	0.6904761904761905	1.0	126	63	53	1.0864827680896965	-0.507448929511031	66	60	2.11633838457441	1.5939316976007274	1.8551350410875687	0.47619047619047616	0.5431034482758621	0.9143855918546704	11914	11831	11947	11884	11854	11980	True
0.4261168384879725	0.7767893047498445	0.8849557522123894	1.0	113	56	62	0.6140934058842515	-1.0298556164847135	54	59	1.283583795190333	1.643949022368965	1.463766408779649	0.5221238938053098	0.4745762711864407	0.7825972208928288	12039	11947	12065	12009	11980	12093	True
0.3127147766323024	0.822007000787177	0.8849557522123894	1.0	100	51	53	0.43682315085643997	-0.6694903893060815	50	50	1.3326719479858826	1.1063135401625215	1.219492744074202	0.5	0.49038461538461536	0.5929321436657758	12143	12065	12169	12118	12093	12193	True
0.49140893470790376	0.822007000787177	0.9803921568627451	1.0	100	50	49	0.7253928062993341	-0.8958487971294427	49	51	1.6027655859678536	1.6212416034287767	1.6120035946983151	0.51	0.5050505050505051	0.7823905401937159	12244	12169	12268	12218	12193	12293	True
0.37800687285223367	0.7311614225395898	0.9607843137254902	1.0	102	51	50	0.710249049493131	-0.8773727796685195	50	52	1.160807835064738	1.5876218291616504	1.3742148321131942	0.5098039215686274	0.504950495049505	0.6831580640019859	12345	12268	12369	12318	12293	12395	True
0.30927835051546393	0.7907221090147899	0.9591836734693877	1.0	98	49	50	0.6113478883731269	-0.4505587855716069	50	48	1.342958116180449	1.0619066739447338	1.2024323950625915	0.4897959183673469	0.494949494949495	0.579228823005492	12443	12369	12468	12419	12395	12493	True
0.35738831615120276	0.9397143418532472	0.6911764705882353	1.0	94	46	48	0.573088216252556	-0.731610227807322	48	46	1.3409669147224481	1.304698444059878	1.322832679391163	0.48936170212765956	0.48936170212765956	0.5735232901373052	12539	12468	12562	12516	12493	12587	True
0.3848797250859107	0.7981738283565565	0.6911764705882353	1.0	136	71	50	0.6591155007224657	-0.7678786984698921	81	55	1.3453719128663355	1.4269941991923578	1.3861830560293467	0.40441176470588236	0.5867768595041323	0.6801256282035384	12642	12562	12683	12612	12587	12723	True
0.16151202749140894	0.5743495935474533	0.6911764705882353	1.0	94	46	67	0.3875842381120367	-0.6862564121438699	41	53	0.668113372516936	1.0738406502559066	0.8709770113864213	0.5638297872340425	0.40707964601769914	0.39338371595998106	12776	12683	12796	12750	12723	12817	True
0.28865979381443296	0.5743495935474533	0.94	1.0	100	49	46	0.8827229685353213	-0.28052913440489935	50	50	1.1586597798502027	1.1632521029402207	1.1609559413952117	0.5	0.5157894736842106	0.48231048855266695	12867	12796	12891	12842	12817	12917	True
0.5429553264604811	0.4332929861791117	0.6756756756756757	1.0	100	50	48	0.7638277110020979	-0.27593681131488135	56	44	2.3996800213312675	1.0397645223169794	1.7197222718241234	0.44	0.5102040816326531	0.871295237032166	12961	12891	12989	12939	12917	13017	True
0.6907216494845361	0.7364018325846647	0.6756756756756757	0.9195402298850575	148	93	56	1.003788666314266	-1.6358523103291698	87	61	1.9438364525658005	2.639640976643436	2.291738714604618	0.41216216216216217	0.6241610738255033	1.1449195780699255	13078	12989	13138	13045	13017	13165	True
0.6769759450171822	0.07184275655107189	0.42441860465116277	1.0	172	104	53	1.1705956083316227	-0.9400477862515345	113	59	2.40073335687649	2.1106433945831573	2.2556883757298234	0.3430232558139535	0.6624203821656051	0.7888414915388835	13224	13138	13295	13191	13165	13337	False
0.010309278350515464	0.07184275655107189	0.42441860465116277	0.9848484848484849	73	38	57	-1.0576624464427522	-1.2301377485448675	40	33	0.17683970514107927	0.17247530210211526	0.17465750362159727	0.4520547945205479	0.4	0.2804608177958806	13370	13295	13390	13352	13337	13410	False
0.11683848797250859	0.2006946624367353	0.6045197740112994	1.0	107	50	58	-0.3533640934313173	-1.2345021515838315	39	68	0.5381895310815776	0.8811380581525141	0.7096637946170459	0.6355140186915887	0.46296296296296297	0.4604989175190494	13478	13390	13498	13448	13410	13517	True
0.7938144329896907	0.20244006523247524	0.6045197740112994	0.9298245614035088	177	113	51	1.7669593060354092	-0.891553624512895	114	63	2.5049727163040107	2.658512930548304	2.5817428234261577	0.3559322033898305	0.6890243902439024	0.8496242576199847	13580	13498	13662	13549	13517	13694	True
0.8247422680412371	0.6303479136136326	0.8537735849056604	0.9609375	181	118	57	1.3851093858156591	-0.7380134102686016	128	53	3.368176129770795	2.1231227960842607	2.7456494629275277	0.292817679558011	0.6742857142857143	1.051848206829671	13747	13662	13837	13719	13694	13875	True
0.9278350515463918	0.8291440708104274	0.8537735849056604	1.0	212	105	72	1.477549036280782	-1.9830667439551362	132	80	2.8693490555356127	3.4606157802359183	3.1649824178857653	0.37735849056603776	0.5932203389830508	1.2594451975050314	13955	13837	14014	13909	13875	14087	True
0.845360824742268	0.9593529359823034	0.7486631016042781	0.9658119658119658	187	113	111	1.3903654981398303	-1.3918000192548308	117	70	2.865451436236439	2.7821655173946613	2.8238084768155503	0.37433155080213903	0.5044642857142857	1.0787618969452408	14157	14014	14238	14125	14087	14274	True
0.6494845360824743	0.3761809855316892	0.7428571428571429	1.0	140	67	65	1.2738933101715268	-1.475085938096609	78	62	1.518713078923524	2.748979248268136	2.13384616359583	0.44285714285714284	0.5075757575757576	1.054425015215729	14336	14238	14370	14303	14274	14414	True
0.15120274914089346	0.3761809855316892	0.7428571428571429	1.0	104	51	68	0.32649121401732034	-0.244819768751997	57	47	1.1346845373156031	0.5713109827693174	0.8529977600424603	0.4519230769230769	0.42857142857142855	0.35408415533676035	14461	14370	14489	14438	14414	14518	True
0.12027491408934708	0.6337750677630182	0.8062015503875969	1.0	129	72	56	-0.08905855377143745	-0.8081933232982828	65	64	0.7128980527423789	0.7191347695268453	0.7160164111346121	0.49612403100775193	0.5625	0.3698367518778859	14582	14489	14617	14545	14518	14647	True
0.14776632302405499	0.5373868833714847	0.859375	1.0	128	64	55	-0.12104161862254774	-0.8019566065138164	76	52	1.0207076413806253	0.6809149878912687	0.8508113146359471	0.40625	0.5378151260504201	0.4861144831056622	14699	14617	14736	14672	14647	14775	True
0.33676975945017185	0.37976562942198094	0.859375	1.0	110	54	74	0.7576414266039483	-1.1417492600031731	43	67	0.721323299617602	1.8993906866071213	1.3103569931123618	0.6090909090909091	0.421875	0.6223921445824914	14842	14736	14864	14810	14775	14885	True
0.32646048109965636	0.6443651595991077	0.4711111111111111	1.0	106	53	48	1.1557506240294422	0.03631812698634632	54	52	1.3804955650319721	1.1194324970430958	1.249964031037534	0.49056603773584906	0.5247524752475248	0.5668740085225273	14937	14864	14965	14912	14885	14991	True
0.5738831615120275	0.4851981042864536	0.4711111111111111	0.8571607830015058	225	141	52	0.9659849831176208	-0.22474494100252995	139	86	2.4541108334940276	1.1907299241201508	1.8224203788070892	0.38222222222222224	0.7305699481865285	0.655510693364295	15077	14965	15158	15017	14991	15216	True
0.9621993127147767	0.21649350352521407	0.6989795918367347	1.0	196	110	96	1.9121043920443594	-1.4881258503764068	123	73	3.157888311843024	3.400230242420766	3.2790592771318954	0.37244897959183676	0.5339805825242718	1.0112661219638623	15289	15158	15364	15254	15216	15412	True
0.037800687285223365	0.08242795932426418	0.6989795918367347	1.0	137	93	73	-0.5621216154264446	-1.2457839197986647	39	98	0.19656921360751456	0.6836623043722201	0.4401157589898673	0.7153284671532847	0.5602409638554217	0.5010758495870931	15510	15364	15530	15437	15412	15549	False
0.5292096219931272	0.08242795932426418	0.4745762711864407	0.9351145038167938	177	55	117	1.6260487086055564	-0.7586908290339591	46	131	1.0211444676271622	2.3847395376395157	1.702942002633339	0.7401129943502824	0.31976744186046513	0.43587894196663607	15680	15530	15702	15647	15549	15726	False
0.21649484536082475	0.13394759551036736	0.4745762711864407	1.0	84	42	37	0.8352741283647886	0.6049042409783942	58	26	1.719850860395356	0.2303698873863944	0.9751103738908752	0.30952380952380953	0.5316455696202531	0.3284261655099863	15752	15702	15781	15739	15726	15810	False
0.020618556701030927	0.27670617757929905	0.5434782608695652	0.9864864864864865	75	38	46	-0.4086833744440998	-0.8845767320305674	37	38	0.30942834794958235	0.4758933575864676	0.392660852768025	0.5066666666666667	0.4523809523809524	0.2917963316186301	15848	15781	15865	15827	15810	15885	False
0.030927835051546393	0.2606030785145553	0.5434782608695652	1.0	138	90	49	-0.04556409700246292	-0.7181117223936822	38	100	0.1752679816246056	0.6725476253912193	0.42390780350791246	0.7246376811594203	0.6474820143884892	0.19690666889557473	15985	15865	16004	15914	15885	16023	False
0.05154639175257732	0.31464881501476866	0.6304347826086957	1.0	87	44	43	0.2894168734401288	-0.22083207862706852	39	48	0.44920775635865845	0.5102489520671973	0.4797283542129279	0.5517241379310345	0.5057471264367817	0.24205411241867694	16071	16004	16091	16047	16023	16110	False
0.3230240549828179	0.31464881501476866	0.8055555555555556	1.0	108	53	48	1.2678571326558306	-0.15979088291852966	50	58	1.0611131784158678	1.4276480155743603	1.244380596995114	0.5370370370370371	0.5247524752475248	0.5874495306260082	16168	16091	16192	16139	16110	16218	False
0.39862542955326463	0.14339230700758682	0.8148148148148148	1.0	88	46	42	0.5603683708259802	0.20674395423996278	56	32	2.4661324164852676	0.35362441658601745	1.4098784165356426	0.36363636363636365	0.5227272727272727	0.9415936872661216	16250	16192	16280	16234	16218	16306	False
0.8762886597938144	0.1577432614047799	0.7115384615384616	1.0	104	50	54	1.9219521404468258	-1.9057640456592875	48	56	2.1104522200048854	3.8277161861061133	2.969084203055499	0.5384615384615384	0.4807692307692308	1.5603043404786945	16362	16280	16384	16334	16306	16410	False
0.3161512027491409	0.15714770616306328	0.5285714285714286	1.0	74	39	38	0.14440953666446907	-0.18850007955805964	49	25	2.118450369724692	0.3329096162225287	1.2256799929736104	0.33783783783783783	0.5064935064935064	0.9008199452363481	16435	16384	16461	16422	16410	16484	False
0.8419243986254296	0.563771205871733	0.5285714285714286	1.0	140	64	51	1.5451848403404678	-1.974040833060223	80	60	2.126658578451261	3.519225673400691	2.8229421259259757	0.42857142857142855	0.5565217391304348	1.368340416230194	16544	16461	16576	16512	16484	16624	True
0.41237113402061853	0.563771205871733	0.7375	1.0	118	57	78	0.6174751331401398	-0.5814737381107931	61	57	1.662798880370016	1.1989488712509329	1.4308738758104744	0.4830508474576271	0.4222222222222222	0.7006983930668922	16681	16576	16711	16654	16624	16742	True
0.5670103092783505	0.899170138788974	0.65	1.0	160	85	62	0.6772407576608185	-1.0453237472298762	94	66	1.8885224641436342	1.7225645048906948	1.8055434845171645	0.4125	0.5782312925170068	0.8653459505876512	16808	16711	16858	16773	16742	16902	True
0.41580756013745707	0.36723004054996594	0.65	1.0	104	52	75	0.8890132017612972	-1.2112817064828156	42	62	0.7712913843213725	2.1002949082441127	1.4357931462827427	0.5961538461538461	0.4094488188976378	0.6523802837506891	16964	16858	16985	16933	16902	17006	True
0.44673539518900346	0.0	0.5467625899280576	1.0	139	53	45	1.0202060778958058	0.11772181743992474	94	45	2.1108576945617585	0.902484260455881	1.5066709775088198	0.3237410071942446	0.5408163265306123	0.36303392305116783	17051	16985	17083	17030	17006	17145	False
0.006872852233676976	0.0	0.36363636363636365	0.5	76	46	63	-1.1010846656948954	-1.0906516166659528	75	1	0.33201851938375415	-0.010433049028942598	0.16079273517740578	0.013157894736842105	0.42201834862385323	0.41334737659210213	17146	17083	17192	17146	17145	17221	False
1.0	0.08788388694584835	0.36363636363636365	1.0	209	123	74	2.344819377544632	-1.4331031850786495	127	82	4.449290055978283	3.7779225626232815	4.113606309300782	0.3923444976076555	0.6243654822335025	1.166124262093274	17303	17192	17389	17266	17221	17430	False
0.6151202749140894	0.19033399374747448	0.4784688995215311	1.0	100	50	70	1.2670323993501746	-2.1044706784336507	38	62	0.6417116457264975	3.3715030777838253	2.0066073617551616	0.62	0.4166666666666667	1.2741940747169174	17492	17389	17509	17459	17430	17530	False
0.17525773195876287	0.3593351169506091	0.8454545454545455	1.0	110	54	41	1.2054659403235597	0.6253207536236771	68	42	1.2221323771091321	0.5801451866998826	0.9011387819045074	0.38181818181818183	0.5684210526315789	0.4003073136893514	17572	17509	17604	17550	17530	17640	True
0.2027491408934708	0.29414199752214687	0.5670731707317073	1.0	93	48	56	0.4224886438720635	-0.016666436785572426	53	40	1.493003666110517	0.4391550806576359	0.9660793733840765	0.43010752688172044	0.46153846153846156	0.5610766194111654	17680	17604	17708	17660	17640	17733	True
0.738831615120275	0.6679931324429599	0.5670731707317073	0.9778761061946903	164	101	50	0.8456552823350542	-1.0705150222384536	113	51	2.8685479109130365	1.916170304573508	2.392359107743272	0.31097560975609756	0.6688741721854304	0.8568962677238032	17784	17708	17859	17758	17733	17897	True
0.8075601374570447	0.797580391646453	0.9290322580645162	1.0	155	92	65	0.7194729604655901	-2.0228926285779822	97	58	2.5839544049176633	2.7423655890435725	2.663159996980618	0.3741935483870968	0.5859872611464968	1.2534694921706406	17955	17859	18016	17924	17897	18052	True
0.8178694158075601	0.6631611413072598	0.8611111111111112	1.0	144	63	65	1.375260194110004	-1.8644814444520734	84	60	2.148470762569479	3.2397416385620774	2.6941062005657783	0.4166666666666667	0.4921875	1.3087437008989584	18112	18016	18144	18081	18052	18196	True
0.6529209621993127	0.767553863735207	0.8611111111111112	1.0	124	59	87	1.634063926419929	-0.7732105684594752	58	66	1.8804542173111147	2.4072744948794043	2.1438643560952597	0.532258064516129	0.4041095890410959	1.0049143240533445	18262	18144	18290	18231	18196	18320	True
0.5223367697594502	0.7469658120464846	0.896551724137931	1.0	116	58	58	1.196959609183125	-0.24639029089118566	60	56	1.932283749533224	1.4433499000743106	1.6878168248037673	0.4827586206896552	0.5	0.8423489517526077	18376	18290	18406	18348	18320	18436	True
0.47766323024054985	0.7778409866523461	0.896551724137931	1.0	104	52	55	0.7676853578791187	-0.735324140350099	53	51	1.6902246684920619	1.5030094982292177	1.59661708336064	0.49038461538461536	0.48598130841121495	0.835739048681362	18487	18406	18513	18461	18436	18540	True
0.6185567010309279	0.7313858241422807	0.7567567567567568	1.0	112	57	55	1.149033654616795	-0.9225393106129431	55	57	1.9660468295809244	2.071572965229738	2.0188098974053315	0.5089285714285714	0.5089285714285714	0.9566575436529927	18597	18513	18625	18568	18540	18652	True
0.45017182130584193	0.7313858241422807	0.7567567567567568	0.8811881188118812	148	37	54	0.6209256057912331	-0.8170131749641293	101	47	1.5847851074885504	1.4379387807553625	1.5113619441219566	0.31756756756756754	0.4065934065934066	0.3962224081860592	18699	18625	18716	18679	18652	18800	True
0.20618556701030927	0.6012914651789882	0.5714285714285714	1.0	147	94	111	0.24347770514681627	-0.9638595016973173	90	57	0.7259615580684162	1.2073372068441335	0.9666493824562749	0.3877551020408163	0.4585365853658537	0.45456287729682937	18857	18716	18921	18827	18800	18947	True
0.13402061855670103	0.6760540964162289	0.5714285714285714	1.0	84	42	48	0.29432932073795404	-0.48248385292159995	41	43	0.8013158455007985	0.776813173659554	0.7890645095801763	0.5119047619047619	0.4666666666666667	0.2633446250746451	18990	18921	19011	18969	18947	19031	True
0.21305841924398625	0.6385677118303534	0.6041666666666666	1.0	87	43	43	0.6782970934395799	-0.5069865247628444	40	47	0.7568838479455244	1.1852836182024244	0.9710837330739744	0.5402298850574713	0.5	0.28268221955227607	19078	19011	19097	19054	19031	19118	True
0.24742268041237114	0.6203906230657632	0.6041666666666666	1.0	144	52	42	0.7282759411371531	-0.0785867545059445	101	43	1.3005720358180977	0.8068626956430976	1.0537173657305976	0.2986111111111111	0.5531914893617021	0.383262021796274	19161	19097	19191	19139	19118	19262	True
0.17869415807560138	0.5319045298873416	0.7013888888888888	1.0	101	50	100	0.478259275987549	-0.5722960946809446	45	56	0.7544519185190296	1.0505553706684936	0.9025036445937615	0.5544554455445545	0.3333333333333333	0.4167089100722547	19318	19191	19341	19291	19262	19363	True
0.5326460481099656	0.5319045298873416	0.926605504587156	1.0	109	54	49	1.1422046000692243	-0.27619264253148057	56	53	2.005545099952368	1.418397242600705	1.7119711712765364	0.48623853211009177	0.5242718446601942	0.8329862663293877	19416	19341	19444	19390	19363	19472	True
0.422680412371134	0.7787709897325238	0.6870748299319728	1.0	101	51	52	0.773729474655281	-0.8633404998831438	50	51	1.2749026043326865	1.6370699745384247	1.4559862894355557	0.504950495049505	0.49514563106796117	0.6634501603622427	19523	19444	19547	19496	19472	19573	True
0.5945017182130584	0.3671886450216134	0.6870748299319728	1.0	147	62	49	0.524546587948538	-0.5011731296774056	100	47	2.7934407328025292	1.0257197176259436	1.9095802252142364	0.3197278911564626	0.5585585585585585	1.0202180448054021	19620	19547	19658	19596	19573	19720	True
0.9587628865979382	0.4127012705155025	0.7213114754098361	1.0	122	56	103	2.1558920057291457	-2.2688941448539914	48	74	2.092708604795791	4.424786150583137	3.258747377689464	0.6065573770491803	0.3522012578616352	1.5339569263917348	19794	19658	19817	19761	19720	19842	True
0.23024054982817868	0.4127012705155025	0.7213114754098361	1.0	88	43	44	0.9268469009513025	0.06318340093335503	49	39	1.1448308926088	0.8636635000179474	1.0042471963133737	0.4431818181818182	0.4942528735632184	0.3765308209601027	19881	19817	19904	19861	19842	19930	True
0.12714776632302405	0.5139726345104567	0.7333333333333333	1.0	120	66	47	0.37042775828560526	-0.21798399165749754	73	47	0.9612010661831166	0.5884117499431027	0.7748064080631096	0.39166666666666666	0.584070796460177	0.48772455402272163	19977	19904	20017	19951	19930	20050	True
0.4639175257731959	0.5579514843904433	0.7371794871794872	1.0	115	53	60	0.5944122939407324	-0.5907733078975114	63	52	1.875325840844104	1.1851856018382438	1.5302557213411738	0.45217391304347826	0.4690265486725664	0.8502780071113373	20102	20017	20130	20077	20050	20165	True
0.7560137457044673	0.32632647302226214	0.7371794871794872	1.0	156	57	107	2.0801776829064744	-1.2809135469033717	50	106	1.5251521911397585	3.361091229809846	2.443121710474802	0.6794871794871795	0.3475609756097561	0.9947762301180143	20271	20130	20294	20237	20165	20321	True
0.25773195876288657	0.28828631198914273	0.7371794871794872	1.0	115	58	44	1.0527230271235282	0.5550254917667158	78	37	1.726400160738663	0.4976975353568124	1.1120488480477377	0.3217391304347826	0.5686274509803921	0.4554781114560993	20358	20294	20396	20338	20321	20436	True
0.38144329896907214	0.3732676029333507	0.6486486486486487	1.0	96	48	63	0.0749708335992385	-0.6736771336151348	52	44	2.0056601787325463	0.7486479672143733	1.3771540729734597	0.4583333333333333	0.43243243243243246	0.8738288940119155	20480	20396	20507	20459	20436	20532	True
0.8281786941580757	0.5843219096502666	0.6486486486486487	1.0	148	65	53	1.5017682533383827	-1.9306893451333078	89	59	2.1445543836690177	3.4324575984716903	2.788505991070354	0.39864864864864863	0.5508474576271186	1.2114634978893015	20591	20507	20625	20560	20532	20680	True
0.4570446735395189	0.7154423520109999	0.7364864864864865	1.0	109	52	84	0.8915189019370275	-0.6427861303306348	53	56	1.52254658242924	1.5343050322676623	1.5284258073484511	0.5137614678899083	0.38235294117647056	0.7143079929421766	20736	20625	20761	20709	20680	20789	True
0.4948453608247423	0.9360870678327379	0.7741935483870968	1.0	124	65	60	0.9355283980192748	-0.6310276804922124	58	66	1.6735153516632097	1.5665560785114871	1.6200357150873486	0.532258064516129	0.52	0.8482437250653863	20855	20761	20886	20821	20789	20913	True
0.46735395189003437	0.8980935583382834	0.7741935483870968	1.0	96	47	52	0.878490391346592	-0.737986953643935	47	49	1.4667134498514236	1.616477344990527	1.5415953974209753	0.5104166666666666	0.47474747474747475	0.6558391312767936	20962	20886	20985	20938	20913	21009	True
0.3745704467353952	0.552995631266797	0.8275862068965517	1.0	96	47	46	0.7290228427348528	-0.5882230585048317	51	45	1.410121180945913	1.3172459012396844	1.3636835410927988	0.46875	0.5053763440860215	0.5894590198328781	21054	20985	21078	21031	21009	21105	True
0.10309278350515463	0.29917446340697784	0.8189655172413793	1.0	116	56	50	0.09869251440880628	-0.6810983382110603	66	50	0.5851468310079431	0.7797908526198665	0.6824688418139048	0.43103448275862066	0.5283018867924528	0.3843461533260179	21155	21078	21184	21128	21105	21221	True
0.048109965635738834	0.2300652172379812	0.5792682926829268	1.0	95	48	58	-0.3113933274180418	-0.48645431659913674	55	40	0.7609189745532481	0.17506098918109492	0.4679899818671715	0.42105263157894735	0.4528301886792453	0.3348898279539927	21261	21184	21290	21242	21221	21316	False
0.13058419243986255	0.2757964754052205	0.5792682926829268	0.8254716981132075	164	83	54	0.15375790176439583	-1.07231230197129	106	58	0.3381458407896627	1.2260702037356856	0.7821080222626742	0.35365853658536583	0.6058394160583942	0.3151948199427246	21374	21290	21427	21344	21316	21480	False
0.35051546391752575	0.2838138586604137	0.6097560975609756	1.0	100	49	79	1.007047329096216	-0.18438793902526684	50	50	1.4338184830375935	1.191435268121483	1.3126268755795383	0.5	0.3828125	0.5746682320517033	21530	21427	21555	21506	21480	21580	True
0.16838487972508592	0.7098640658816693	0.4858757062146893	1.0	86	43	46	0.5910450641639758	-0.42677115394137755	42	44	0.7360395885092677	1.0178162181053534	0.8769279033073105	0.5116279069767442	0.48314606741573035	0.3178021136047437	21624	21555	21644	21601	21580	21666	True
0.5257731958762887	0.23299086022857357	0.4858757062146893	0.9285714285714286	177	123	42	0.49452717665395196	-0.14499452434529186	133	44	2.7448360007420325	0.6395217009992438	1.6921788508706381	0.24858757062146894	0.7454545454545455	0.6810794295479681	21710	21644	21809	21686	21666	21843	True
0.9759450171821306	0.5387666405154075	0.6497175141242938	1.0	115	56	66	2.182375828323845	-2.2503088240880804	51	64	2.3881826186441795	4.432684652411925	3.4104336355280527	0.5565217391304348	0.45901639344262296	1.6660609254310892	21907	21809	21931	21875	21843	21958	True
0.5567010309278351	0.5789350049247884	0.7916666666666666	1.0	120	62	51	1.1767957257657276	-0.20580679032033455	69	51	2.1234872413775996	1.3826025160860622	1.753044878731831	0.425	0.5486725663716814	0.8632076728811342	22009	21931	22044	21982	21958	22078	True
0.27147766323024053	0.5467868984330136	0.7916666666666666	1.0	95	48	60	0.49932368825536894	-0.9466915156118718	41	54	0.7906621684095505	1.4460152038672407	1.1183386861383955	0.5684210526315789	0.4444444444444444	0.5691560006980068	22132	22044	22152	22104	22078	22173	True
0.2852233676975945	0.490649824089391	0.9494949494949495	1.0	99	48	45	0.8299929733882445	-0.2913384801541815	51	48	1.1670684899055352	1.121331453542426	1.1441999717239806	0.48484848484848486	0.5161290322580645	0.4625497223573094	22221	22152	22245	22197	22173	22272	True
0.16494845360824742	0.48686501496010004	0.9494949494949495	1.0	94	48	46	0.23554643275513135	-0.3370755165172907	54	40	1.1761410897830686	0.572621949272422	0.8743815195277453	0.425531914893617	0.5106382978723404	0.4212576600851969	22312	22245	22339	22291	22272	22366	True
0.38831615120274915	0.4895759589142622	0.5859872611464968	1.0	92	47	48	-0.026177187786078263	-0.9405946570279373	49	43	1.8677744537737768	0.9144174692418591	1.391095961507818	0.4673913043478261	0.49473684210526314	0.8283033846859051	22409	22339	22434	22387	22366	22458	True
0.872852233676976	0.49887585868226403	0.5859872611464968	1.0	157	73	54	1.8500147606375497	-1.8939516415598552	94	63	2.174136514180131	3.7439664021974046	2.959051458188768	0.4012738853503185	0.5748031496062992	1.2134785047982803	22521	22434	22561	22488	22458	22615	True
0.3642611683848797	0.5515175696262813	0.6369426751592356	1.0	100	48	79	0.8749527327937991	-0.32412175354258166	52	48	1.4837829051170641	1.199074486336381	1.3414286957267225	0.48	0.3779527559055118	0.5453966775059527	22663	22561	22688	22640	22615	22715	True
0.3402061855670103	0.5126290951959933	0.684931506849315	1.0	146	94	52	0.2799683983649899	-0.6088301723232649	61	85	1.7338043802379979	0.8887985706882547	1.3113014754631263	0.5821917808219178	0.6438356164383562	0.6888324017519623	22800	22688	22834	22740	22715	22861	True
0.7491408934707904	0.6236577465702909	0.8013698630136986	1.0	117	57	57	1.3262214931969099	-1.453835981873008	57	60	2.0559154233752412	2.780057475069918	2.4179864492225795	0.5128205128205128	0.5	1.19476615182212	22921	22834	22948	22891	22861	22978	True
0.7353951890034365	0.7487037961882868	0.825	1.0	132	65	61	1.5210665098689886	-0.7296939301783312	69	63	2.5138780710661983	2.25076044004732	2.382319255556759	0.4772727272727273	0.5158730158730159	1.167766403241349	23041	22948	23074	23009	22978	23110	True
0.6735395189003437	0.1313471673042129	0.48125	1.0	160	76	68	0.8893384937645405	-0.9928115611972099	94	66	2.610576113105326	1.8821500549617505	2.246363084033538	0.4125	0.5277777777777778	0.9295754866029984	23176	23074	23218	23142	23110	23270	False
0.027491408934707903	0.1225683759291476	0.48125	1.0	77	40	71	-1.3783458418523582	-1.7212376193407852	38	39	0.4941805803313899	0.34289177748842703	0.41853617890990846	0.5064935064935064	0.36036036036036034	0.38176794319372337	23309	23218	23329	23289	23270	23347	False
0.8384879725085911	0.1225683759291476	0.6062992125984252	1.0	127	60	56	2.159350288143703	-1.872526422183748	53	74	1.6058899024191555	4.031876710327451	2.818883306373303	0.5826771653543307	0.5172413793103449	1.1955499199842432	23421	23329	23445	23385	23347	23474	False
0.6838487972508591	0.2308593093868149	0.774390243902439	1.0	164	101	52	1.4079495186217428	0.5534603857245475	115	49	3.7013414584267914	0.8544891328971953	2.2779152956619932	0.29878048780487804	0.6601307189542484	0.8530710223905907	23523	23445	23598	23497	23474	23638	True
0.8316151202749141	0.540769137926961	0.8843537414965986	1.0	147	71	71	1.3554776377028612	-2.2933919398050486	82	65	1.9731960558368669	3.64886957750791	2.8110328166723884	0.4421768707482993	0.5	1.3723174688493218	23703	23598	23740	23669	23638	23785	True
0.5360824742268041	0.7477575084551329	0.8843537414965986	1.0	130	64	74	1.010380717227104	-0.6177184181340057	71	59	1.7994141068951333	1.6280991353611096	1.7137566211281214	0.45384615384615384	0.463768115942029	0.8639293462411713	23844	23740	23878	23814	23785	23915	True
0.6872852233676976	0.5994432631762735	0.9384615384615385	1.0	122	57	70	1.6173805701365644	-0.7890333896680293	60	62	2.1639276297040686	2.4064139598045937	2.285170794754331	0.5081967213114754	0.44881889763779526	1.0766482991371378	23977	23878	24005	23948	23915	24037	True
0.5498281786941581	0.5994432631762735	0.821917808219178	1.0	120	62	61	0.7506047800596014	-0.5465470595675044	60	60	2.1594687179469396	1.2971518396271058	1.7283102787870228	0.5	0.5040650406504065	0.8802268294699893	24097	24005	24128	24066	24037	24157	True
0.7731958762886598	0.7166962700760782	0.821917808219178	1.0	146	85	56	0.6879584750502808	-1.408863937887338	86	60	2.9256778645088226	2.0968224129376187	2.511250138723221	0.410958904109589	0.6028368794326241	1.3071202033127023	24217	24128	24269	24184	24157	24303	True
0.8934707903780069	0.692080505898956	0.7224669603524229	1.0	164	68	64	1.312053023452939	-2.2377193894585417	102	62	2.4567282873539353	3.549772412911481	3.003250350132708	0.3780487804878049	0.5151515151515151	1.1871448816327823	24365	24269	24401	24333	24303	24467	True
0.8556701030927835	0.5001541086183372	0.4977973568281938	0.8974358974358974	227	71	184	2.3033601179478254	-1.1446752639009965	71	156	2.249109333724412	3.448035381848822	2.848572357786617	0.6872246696035242	0.2784313725490196	0.7991103368851754	24623	24401	24656	24585	24467	24694	True
0.43986254295532645	0.5001541086183372	0.4977973568281938	1.0	113	54	65	1.179152058217529	0.05425078422341342	61	52	1.8620847361198851	1.1249012739941155	1.4934930050570003	0.46017699115044247	0.453781512605042	0.6972950631545753	24746	24656	24775	24721	24694	24807	True
0.4054982817869416	0.5505272927636876	0.875968992248062	1.0	129	72	61	0.3421957907703099	-0.6829326779023561	63	66	1.8205381341832	1.025128468672666	1.422833301427933	0.5116279069767442	0.5413533834586466	0.8188671817337799	24873	24775	24908	24836	24807	24936	True
0.865979381443299	0.6334213922961115	0.7913669064748201	1.0	139	70	59	1.3957919316924505	-1.4783423434128902	75	64	2.957111895178396	2.874134275105341	2.9156230851418687	0.460431654676259	0.5426356589147286	1.3764131657381131	25000	24908	25037	24967	24936	25075	True
0.5085910652920962	0.5869928745456156	0.7913669064748201	1.0	110	54	67	0.4678721600130795	-1.5613199634859456	51	59	1.2938087449373121	2.0291921234990253	1.6615004342181687	0.5363636363636364	0.4462809917355372	0.9017430755181571	25134	25037	25158	25104	25075	25185	True
0.6048109965635738	0.5869928745456156	0.7868852459016393	1.0	122	61	60	1.3781936542014717	-0.8259365849242326	56	66	1.7154101901944065	2.2041302391257043	1.9597702146600553	0.5409836065573771	0.5041322314049587	0.8902248601486389	25251	25158	25279	25218	25185	25307	True
0.29553264604810997	0.48470072005666004	0.7868852459016393	1.0	96	47	50	0.7310016541230362	-0.33721653599293494	51	45	1.2951927921853845	1.068218190115971	1.181705491150678	0.46875	0.4845360824742268	0.5004853542132938	25352	25279	25376	25329	25307	25403	True
0.041237113402061855	0.4456370764745048	0.8020833333333334	1.0	77	40	46	0.0635897409221037	-0.5641911380623482	34	43	0.279762435577226	0.6277808789844519	0.45377165728083896	0.5584415584415584	0.46511627906976744	0.2223482657384015	25446	25376	25462	25422	25403	25480	False
0.06529209621993128	0.599658046282176	0.8461538461538461	1.0	91	45	40	0.25036392119073697	-0.2161726946551223	48	43	0.6438957068570512	0.46653661584585926	0.5552161613514552	0.4725274725274725	0.5294117647058824	0.2299012716386524	25523	25462	25547	25502	25480	25571	False
0.03436426116838488	0.43215817231481357	0.46987951807228917	1.0	78	40	43	0.025320525462153645	-0.3935317856663143	38	40	0.4372348013093593	0.41885231112846794	0.42804355621891366	0.5128205128205128	0.4819277108433735	0.1430689119829275	25611	25547	25630	25590	25571	25649	False
0.23367697594501718	0.43215817231481357	0.46987951807228917	0.8782608695652174	166	55	45	0.5998328790598815	-0.4119142758472057	115	51	1.0669326735457079	1.011747154907087	1.0393399142263975	0.3072289156626506	0.55	0.29952904670287905	25700	25630	25730	25675	25649	25815	False
0.3333333333333333	0.646386864338632	0.5963855421686747	1.0	99	48	110	0.5438891219712667	-0.46709979448582634	52	47	1.564061666834015	1.010988916457093	1.287525291645554	0.47474747474747475	0.3037974683544304	0.6086855453478952	25862	25730	25888	25840	25815	25914	False
0.30584192439862545	0.5831600165163402	0.49079754601226994	0.7788713910761156	163	123	53	0.41237204638276437	-1.0201725448627483	36	127	0.9560640150805851	1.4325445912455126	1.194304303163049	0.7791411042944786	0.6988636363636364	0.3318148619613046	26041	25888	26064	25941	25914	26077	False
0.4536082474226804	0.5831600165163402	0.4678362573099415	1.0	80	42	29	1.0957620199207492	-0.5436919686978208	46	34	1.3920525694882069	1.63945398861857	1.5157532790533885	0.425	0.5915492957746479	0.36492871826291473	26111	26064	26135	26093	26077	26157	True
0.584192439862543	0.5041253538102081	0.4678362573099415	1.0	171	108	46	0.9711605424554575	-0.29629054956745765	122	49	2.5141585965543047	1.2674510920229152	1.8908048442886098	0.28654970760233917	0.7012987012987013	0.6121451768441682	26206	26135	26289	26181	26157	26328	True
0.3436426116838488	0.2187206110679633	0.5730994152046783	1.0	98	49	68	0.6102817665664955	-1.5429980540988475	38	60	0.47096667817623833	2.153279820665343	1.3121232494207908	0.6122448979591837	0.4188034188034188	0.6903415447033172	26388	26289	26406	26357	26328	26426	True
0.563573883161512	0.233991605664921	0.7480916030534351	1.0	131	68	45	0.8050768722220247	0.13931508839025714	80	51	2.845237896205332	0.6657617838317675	1.7554998400185498	0.3893129770992366	0.6017699115044248	0.8898524696023253	26477	26406	26519	26451	26426	26557	True
0.9484536082474226	0.3967361358111917	0.672514619883041	1.0	171	65	113	2.283723654966516	-2.0401610239833077	57	114	2.082928980484864	4.323884678949824	3.203406829717344	0.6666666666666666	0.3651685393258427	1.1749638692482334	26671	26519	26697	26632	26557	26728	True
0.32989690721649484	0.3967361358111917	0.672514619883041	1.0	115	59	54	1.027167869368362	0.20079467448165186	66	49	1.674462505905019	0.82637319488671	1.2504178503958645	0.4260869565217391	0.5221238938053098	0.6034783585535693	26777	26697	26810	26751	26728	26843	True
0.24054982817869416	0.44204949842738095	0.8608695652173913	1.0	99	50	55	0.09290067433411181	-0.6472946365366572	54	45	1.361189556601882	0.7401953108707691	1.0506924337363255	0.45454545454545453	0.47619047619047616	0.632496166126189	26888	26810	26915	26865	26843	26942	True
0.5051546391752577	0.7232321173940233	0.7304964539007093	1.0	103	51	54	0.6138033587496372	-1.26828888226777	48	55	1.4279164864697989	1.8820922410174072	1.6550043637436032	0.5339805825242718	0.4857142857142857	0.7008841853202985	26997	26915	27020	26969	26942	27045	True
0.6597938144329897	0.49397510877384915	0.7304964539007093	1.0	141	82	49	0.6370674390134404	-0.8141131277201616	87	54	2.93776050849149	1.4511805667336022	2.1944705376125464	0.3829787234042553	0.6259541984732825	1.1248728722206884	27099	27020	27151	27069	27045	27186	True
0.9312714776632303	0.5367011502866138	0.9148936170212766	1.0	129	61	67	1.83001185660924	-2.30069306947805	64	65	2.2169540853256304	4.13070492608729	3.1738295057064603	0.5038759689922481	0.4765625	1.586295092373918	27251	27151	27279	27218	27186	27315	True
0.5601374570446735	0.7539161310301327	0.8099173553719008	1.0	121	59	70	1.328357134794011	-0.38694222871639045	56	65	1.7917823102646722	1.7152993635104015	1.7535408368875367	0.5371900826446281	0.4573643410852713	0.8529036803708718	27380	27279	27408	27349	27315	27436	True
0.44329896907216493	0.7539161310301327	0.7101449275362319	1.0	98	49	52	0.8874284115323132	-0.4634251754706611	50	48	1.6376947716861885	1.3508535870029743	1.4942741793445813	0.4897959183673469	0.48514851485148514	0.6595536426618847	27484	27408	27509	27460	27436	27534	True
0.5532646048109966	0.8173524977920852	0.7101449275362319	1.0	138	63	50	0.8612738819706773	-0.7502663601538752	86	52	1.8562216179738629	1.6115402421245526	1.7338809300492077	0.37681159420289856	0.5575221238938053	0.7847946448856824	27586	27509	27622	27559	27534	27672	True
0.49828178694158076	0.641488423530286	0.855072463768116	1.0	118	56	82	0.5222396399034169	-0.9949477360031855	58	60	1.7807036524083664	1.5171873759066026	1.6489455141574845	0.5084745762711864	0.4057971014492754	0.8813542047778041	27732	27622	27760	27704	27672	27790	True
0.7285223367697594	0.641488423530286	0.6875	1.0	132	65	65	1.5174296546148218	-1.2584640125049493	61	71	1.9312303760816771	2.775893667119771	2.353562021600724	0.5378787878787878	0.5	1.1189402253067615	27861	27760	27890	27825	27790	27922	True
0.7972508591065293	0.5626660951114493	0.6875	1.0	192	74	64	1.4474283509540147	-0.4138007214668552	127	65	3.307874934337762	1.86122907242087	2.584552003379316	0.3385416666666667	0.5362318840579711	1.0630731531742041	27987	27890	28028	27954	27922	28114	True
0.8900343642611683	0.5627211955586827	0.8229166666666666	1.0	158	68	120	1.9659515940843966	-1.8604465833837474	91	67	2.1531953571084386	3.826398177468144	2.9897967672882912	0.4240506329113924	0.3617021276595745	1.37827183180327	28181	28028	28216	28148	28114	28272	True
0.8213058419243986	0.3860711906191287	0.7777777777777778	1.0	171	80	84	1.5738739736185494	-0.18724376302404208	115	56	3.6358184546816545	1.7611177366425914	2.6984680956621228	0.32748538011695905	0.4878048780487805	0.8843984777525441	28328	28216	28380	28300	28272	28443	True
0.10652920962199312	0.0	0.5807860262008734	0.5	133	55	141	-0.6582597213891579	-2.061944481063105	1	132	-0.021574946012565488	1.403684759673947	0.6910549068306908	0.9924812030075187	0.28061224489795916	0.38776432284512435	28575	28380	28576	28521	28443	28576	False
0.9965635738831615	0.0	0.5807860262008734	0.963302752293578	229	106	74	2.909125505287588	-0.6366847753765924	120	109	4.019031307000121	3.5458102806641807	3.7824207938321512	0.4759825327510917	0.5888888888888889	0.8540322974379313	28685	28576	28756	28650	28576	28805	False
0.044673539518900345	0.07919746026464945	0.7074235807860262	0.8067226890756303	162	37	68	-0.41175175642356643	-1.109905801712533	119	43	0.2198047033059578	0.6981540452889665	0.45897937429746216	0.2654320987654321	0.3523809523809524	0.5209554930094069	28848	28756	28861	28824	28805	28967	False
0.979381443298969	0.07919746026464945	0.8059701492537313	0.9140625	201	126	147	2.1438444504947363	-0.6315564597295242	128	73	4.169238836973292	2.7754009102242607	3.472319873598776	0.36318407960199006	0.46153846153846156	1.0160112790659461	29040	28861	29134	29008	28967	29168	False
0.993127147766323	0.6672010661648755	0.8507462686567164	0.9692982456140351	171	73	62	1.9800537968527459	-2.0253943864785553	114	57	3.5264410541910345	4.005448183331302	3.765944618761168	0.3333333333333333	0.5407407407407407	1.3927932475367104	29225	29134	29269	29196	29168	29339	True
0.6941580756013745	0.6672010661648755	0.6234567901234568	1.0	162	99	95	0.8064579737855573	-1.5463872573382886	109	53	2.2306417397067766	2.3528452311238457	2.291743485415311	0.3271604938271605	0.5103092783505154	0.9198510691567691	29392	29269	29463	29364	29339	29501	True
0.281786941580756	0.2111084388496512	0.6234567901234568	0.8666666666666667	101	45	63	0.43146208201003944	-1.4241837659212193	45	56	0.39174249801460526	1.8556458479312588	1.123694172972932	0.5544554455445545	0.4166666666666667	0.607792186679297	29557	29463	29571	29526	29501	29602	True
0.3024054982817869	0.2696038896440052	0.5931372549019608	0.9659090909090908	121	85	47	0.5443637505906379	0.03971958399543421	88	33	1.8717985384467348	0.5046441665952037	1.1882213525209693	0.2727272727272727	0.6439393939393939	0.6924523849823744	29635	29571	29703	29618	29602	29723	True
0.9140893470790378	0.6148742619293477	0.5931372549019608	1.0	204	80	38	1.7167624640721588	-1.327434787856097	156	48	3.169839950385448	3.0441972519282556	3.107018601156852	0.23529411764705882	0.6779661016949152	0.9152436071179689	29771	29703	29821	29741	29723	29927	True
0.9003436426116839	0.13732924172664376	0.4842105263157895	1.0	190	113	141	1.7535015613445193	-1.4530774863132891	121	69	2.9164227922220394	3.2065790476578084	3.061500919939924	0.3631578947368421	0.4448818897637795	0.8622331192412048	29996	29821	30075	29962	29927	30117	False
0.024054982817869417	0.11340846097472666	0.37398373983739835	0.8928571428571428	92	37	60	-0.7624111002673662	-1.16292123087752	56	36	0.39764939565796886	0.40051013061015384	0.39907976313406135	0.391304347826087	0.38144329896907214	0.36900061662212974	30153	30075	30172	30135	30117	30209	False
0.9896907216494846	0.11340846097472666	0.37398373983739835	0.9796747967479675	246	118	124	2.346286316651426	-1.1600604959253351	123	123	3.7287903210237285	3.506346812576761	3.617568566800245	0.5	0.48760330578512395	0.7180009740029695	30332	30172	30414	30296	30209	30455	False
0.9725085910652921	0.31904325675337764	0.9800796812749004	0.875	251	109	137	2.010415252104803	-1.3825040043723023	123	128	3.2173760073737228	3.3929192564771053	3.305147631925414	0.5099601593625498	0.44308943089430897	0.7993424198009498	30583	30414	30660	30551	30455	30706	False
0.08247422680412371	0.10703988357782492	0.7096774193548387	0.9311224489795918	248	89	184	-0.1804786356762281	-1.2069607552689197	52	196	0.2406478626713439	1.0264821195926916	0.6335649911320178	0.7903225806451613	0.326007326007326	0.3561931833778446	30902	30660	30933	30844	30706	30954	False
0.6460481099656358	0.10703988357782492	0.6534090909090909	1.0	176	97	57	1.827080941978887	-0.421126498347572	107	69	2.0193609502506593	2.2482074403264587	2.133784195288559	0.39204545454545453	0.6298701298701299	0.6790620383628526	31023	30933	31087	30990	30954	31130	False
0.41924398625429554	0.4623380037814105	0.6534090909090909	1.0	115	53	66	0.916903701731633	-0.19228000827177244	68	47	1.7800501159825308	1.1091837100034054	1.4446169129929682	0.40869565217391307	0.44537815126050423	0.7467161808317059	31177	31087	31206	31153	31130	31245	False
0.054982817869415807	0.25901354081073596	0.8173913043478261	1.0	94	47	71	-0.04016159699666619	-0.8631464142508978	31	63	0.213164211550495	0.8229848172542316	0.5180745144023633	0.6702127659574468	0.3983050847457627	0.30261068393731405	31308	31206	31324	31277	31245	31339	False
0.07216494845360824	0.42858376049396735	0.9042553191489362	0.9883720930232558	85	41	38	0.24404304020438983	-0.2533258085471612	42	43	0.68757814688213	0.497368848751551	0.5924734978168406	0.5058823529411764	0.5189873417721519	0.24921895372926461	31382	31324	31403	31362	31339	31424	False
0.19931271477663232	0.6042467621680333	0.8762886597938144	1.0	85	43	41	0.2781194250104681	-0.4435351066777402	45	40	1.1943043419859078	0.7216545316882084	0.9579794368370581	0.47058823529411764	0.5119047619047619	0.37556326279815005	31464	31403	31487	31444	31424	31509	True
0.4845360824742268	0.6929059394542192	0.8660714285714286	1.0	97	48	46	0.8074319175499287	-0.9161849169754397	48	49	1.4712497626427448	1.7236168345253684	1.5974332985840567	0.5051546391752577	0.5106382978723404	0.7012741917596408	31558	31487	31581	31533	31509	31606	True
0.4329896907216495	0.7547462682975908	0.8660714285714286	1.0	112	55	50	0.7902764330183714	-0.663817845092816	60	52	1.524495894952878	1.4540942781111874	1.4892950865320327	0.4642857142857143	0.5238095238095238	0.708555611125315	31658	31581	31686	31631	31606	31718	True
0.4020618556701031	0.6866951378734679	0.940677966101695	1.0	118	61	60	0.41638812581617396	-0.7342194619345067	60	58	1.6755726439447929	1.1506075877506807	1.4130901158477367	0.4915254237288136	0.5041322314049587	0.7873422475273288	31776	31686	31807	31746	31718	31836	True
0.570446735395189	0.6862587496172871	0.8740157480314961	1.0	111	54	59	0.893610111141929	-1.259184518128619	51	60	1.4773741504660172	2.1527946292705478	1.8150843898682825	0.5405405405405406	0.4778761061946903	0.8703489751045587	31896	31807	31920	31866	31836	31947	True
0.4742268041237113	0.8035719699489106	0.7716535433070866	1.0	127	65	56	0.9486551813112944	-0.5837640393240882	66	61	1.6138042232141796	1.5324192206353826	1.5731117219247812	0.48031496062992124	0.5371900826446281	0.790105227801717	32008	31920	32041	31976	31947	32074	True
0.18900343642611683	0.4277544014111944	0.7716535433070866	1.0	98	49	61	0.6316587968572045	-0.6651490419028852	41	57	0.5547152608141669	1.2968078387600896	0.9257615497871283	0.5816326530612245	0.44545454545454544	0.45058220625971995	32131	32041	32151	32102	32074	32172	True
0.21993127147766323	0.35248327471712887	0.875	1.0	112	55	46	1.0260085761396311	0.07694353604303758	60	52	1.019847644158927	0.9490650400965935	0.9844563421277603	0.4642857142857143	0.5445544554455446	0.38825665856503644	32224	32151	32252	32197	32172	32284	True
0.15807560137457044	0.26599190530977795	0.9357798165137615	1.0	109	57	53	0.3656401693063918	0.006160931980704033	66	43	1.3514668309437203	0.35947923732568776	0.8554730341347041	0.3944954128440367	0.5181818181818182	0.5129364739322021	32327	32252	32362	32305	32284	32393	True
0.18213058419243985	0.3163035016317654	0.68	1.0	102	51	61	0.395625639185242	-0.9858266616373285	41	61	0.436958200087438	1.3814523008225705	0.9092052504550043	0.5980392156862745	0.45535714285714285	0.4249334353297198	32454	32362	32474	32423	32393	32495	True
0.5773195876288659	0.31839657493868245	0.68	1.0	150	68	49	0.8403396378322373	-0.041332560902196	95	55	2.7691007634244427	0.8816721987344334	1.825386481079438	0.36666666666666664	0.5811965811965812	0.6546742917544881	32550	32474	32591	32523	32495	32645	True
0.08934707903780069	0.0	0.8903225806451613	0.5	138	38	154	-0.6348014116297903	-1.9287611255922053	1	137	-0.007752683500087065	1.293959713962415	0.6431035152311639	0.9927536231884058	0.19791666666666666	0.24209806781781776	32782	32591	32783	32745	32645	32783	False
0.7250859106529209	0.0	0.8	0.9450000000000001	155	60	65	2.513937520346883	-0.6270487281297032	55	100	1.5527087055511266	3.140986248476586	2.3468474770138563	0.6451612903225806	0.48	0.8035186657060235	32883	32783	32908	32848	32783	32938	False
0.436426116838488	0.27264914985686317	0.7903225806451613	1.0	124	67	53	1.600753685989281	0.9612288147957562	75	49	2.345596425036594	0.6395248711935249	1.4925606481150595	0.3951612903225806	0.5583333333333333	0.7458000549262255	32987	32908	33028	32961	32938	33062	True
0.36082474226804123	0.6634378493009748	0.7903225806451613	1.0	98	49	60	0.81131470850702	-0.7448427390473131	46	52	1.1002923813228165	1.5561574475543332	1.3282249144385747	0.5306122448979592	0.44954128440366975	0.6802745516665267	33114	33028	33137	33088	33062	33160	True
0.5463917525773195	0.7097396265125986	0.8738738738738738	1.0	111	55	49	1.199539396572872	-0.2889776728157964	59	52	1.9669524949655803	1.4885170693886685	1.7277347821771243	0.46846846846846846	0.5288461538461539	0.8397425707764672	33212	33137	33241	33186	33160	33271	True
0.3470790378006873	0.7097396265125986	0.7238805970149254	1.0	97	49	54	0.6286110307521866	-0.7674130983927083	47	50	1.2285036665616857	1.396024129144895	1.3122638978532903	0.5154639175257731	0.47572815533980584	0.587606658891287	33321	33241	33344	33295	33271	33368	True
0.46048109965635736	0.5317372515590337	0.7238805970149254	1.0	134	72	48	0.46160742113618175	-0.599892635809499	84	50	1.9962868011097628	1.0615000569456807	1.5288934290277219	0.373134328358209	0.6	0.767915793646392	33418	33344	33464	33392	33368	33502	True
0.7079037800687286	0.7891680527881663	0.8656716417910447	1.0	116	56	68	0.9949298636555693	-1.534679379973581	57	59	2.116248783592434	2.5296092436291504	2.3229290136107923	0.5086206896551724	0.45161290322580644	1.1604234353018674	33561	33464	33588	33532	33502	33618	True
0.5395189003436426	0.739023671385213	0.751937984496124	1.0	129	67	63	0.8543906839539444	-1.1213189199368647	59	70	1.4600961650584106	1.975709603890809	1.7179028844746098	0.5426356589147286	0.5153846153846153	0.8952085791518616	33688	33588	33718	33651	33618	33747	True
0.2611683848797251	0.7565139076344789	0.6928571428571428	1.0	97	48	54	0.6488165091378741	-0.6057054811044661	46	51	0.9703558220473593	1.2545219902423401	1.1124389061448496	0.5257731958762887	0.47058823529411764	0.4278008941829042	33798	33718	33820	33772	33747	33844	True
0.6666666666666666	0.403831000448912	0.6928571428571428	1.0	140	72	49	0.9611282127696346	-0.3215393129094851	88	52	3.1762482926106808	1.2826675256791198	2.2294579091449003	0.37142857142857144	0.5950413223140496	1.0924255688923112	33896	33820	33941	33869	33844	33984	True
0.8109965635738832	0.6192411246740588	0.9071428571428571	1.0	140	70	81	1.0764069745664697	-2.2151200798410464	64	76	2.038248915066402	3.291527054407516	2.664887984736959	0.5428571428571428	0.46357615894039733	1.3989273576302326	34060	33941	34092	34022	33984	34124	True
0.7525773195876289	0.7501554406670783	0.7298850574712644	1.0	127	62	64	1.7335475812212882	-0.9618419404999324	63	64	2.1719392666584474	2.6953895217212205	2.433664394189834	0.5039370078740157	0.49206349206349204	1.145223886764777	34188	34092	34218	34156	34124	34251	True
0.7216494845360825	0.22935633335365116	0.3505747126436782	1.0	174	71	62	1.1909003722451394	-0.438391685437159	115	59	3.0583982890157477	1.6292920576822985	2.343845173349023	0.3390804597701149	0.5338345864661654	0.8004096393746325	34310	34218	34351	34280	34251	34425	True
0.01718213058419244	0.0	0.3505747126436782	0.5	61	30	105	-1.1660348992668763	-1.8674979167706085	1	60	-0.003669697438521302	0.7014630175037322	0.34889666003260544	0.9836065573770492	0.2222222222222222	0.1921504150157034	34485	34351	34486	34456	34425	34486	False
0.7319587628865979	0.0	0.3961038961038961	1.0	154	64	63	1.9824182971504147	-1.162365201828355	53	101	1.608347820899894	3.1447834989787697	2.376565659939332	0.6558441558441559	0.5039370078740157	0.794005492650479	34587	34486	34613	34549	34486	34640	False
0.718213058419244	0.4560720140214962	0.8650306748466258	1.0	163	96	51	1.842147061352094	0.3740704762505208	113	50	3.21895783991775	1.4680765851015734	2.3435172125096617	0.3067484662576687	0.6530612244897959	0.7846803195475792	34690	34613	34760	34664	34640	34803	True
0.7457044673539519	0.7527881345056276	0.7877094972067039	1.0	141	79	72	1.1192359515112527	-1.3768107785656563	77	64	2.3196218302748495	2.496046730076909	2.407834280175879	0.45390070921985815	0.5231788079470199	1.3467947803668607	34867	34760	34911	34832	34803	34944	True
0.9862542955326461	0.7527881345056276	0.7877094972067039	1.0	179	102	63	1.8809881811479552	-1.2003858787635968	119	60	3.910254579183046	3.081374059911552	3.495814319547299	0.33519553072625696	0.6181818181818182	1.2923509616461717	35004	34911	35076	34974	34944	35123	True
0.9690721649484536	0.4989952731274748	0.8342541436464088	1.0	181	98	78	1.3687268430035915	-2.029266398035091	114	67	3.19409838094065	3.3979932410386824	3.296045810989666	0.3701657458563536	0.5568181818181818	1.1857237601876685	35190	35076	35252	35154	35123	35304	True
0.18556701030927836	0.09016041302961675	0.8342541436464088	0.9193548387096775	151	47	142	-0.23153154394355355	-1.8253715379370583	27	124	0.25002592853688577	1.5938399939935048	0.9219329612651953	0.8211920529801324	0.24867724867724866	0.336479662817198	35428	35252	35441	35394	35304	35455	False
0.8006872852233677	0.09016041302961675	0.7802690582959642	1.0	174	99	47	2.2915656769749084	-0.4815574724804393	110	64	2.4443628077309887	2.7731231494553477	2.608742978593168	0.367816091954023	0.678082191780822	0.7978484444481287	35519	35441	35587	35488	35455	35629	False
0.6426116838487973	0.5318445485063508	0.6905829596412556	0.9098837209302326	223	79	66	1.339498565183638	-0.15279713075608037	172	51	2.7726596124798704	1.4922956959397182	2.1324776542097945	0.22869955156950672	0.5448275862068965	0.6174978370998904	35680	35587	35732	35653	35629	35852	True
0.20962199312714777	0.20345020446346496	0.6905829596412556	1.0	154	85	171	0.04146285246491793	-1.4331610472962324	37	117	0.46316873284475674	1.4746238997611503	0.9688963163029535	0.7597402597402597	0.33203125	0.33939398211733435	35969	35732	35988	35903	35852	36006	True
0.6219931271477663	0.20345020446346496	0.927710843373494	1.0	166	106	48	1.8548646154140416	-0.4217058803798388	104	62	1.8390530865447674	2.27657049579388	2.057811791169324	0.37349397590361444	0.6883116883116883	0.6909379108045778	36068	35988	36142	36036	36006	36172	True
0.6701030927835051	0.39868936600226085	0.8690476190476191	1.0	168	88	52	1.2877110168466204	0.015811528869274272	123	45	3.1902016869196697	1.2718994879773462	2.231050587448508	0.26785714285714285	0.6285714285714286	0.5575568570934504	36217	36142	36282	36194	36172	36340	True
0.13745704467353953	0.10282439837568454	0.6347826086956522	0.9450254759989274	146	94	94	-0.5988323511664335	-1.902490670073049	33	113	0.28974419372015003	1.3036583189066155	0.7967012563133828	0.773972602739726	0.5	0.4715720334332391	36453	36282	36470	36376	36340	36486	False
0.852233676975945	0.056492810834375407	0.391304347826087	0.9419354838709677	230	113	52	1.929277955574734	-0.8885765448865836	155	75	2.8552547165469355	2.8178545004613174	2.8365546085041267	0.32608695652173914	0.6848484848484848	0.6322913379190104	36561	36470	36635	36522	36486	36716	False
0.003436426116838488	0.04285605663965204	0.391304347826087	0.6714285714285715	90	32	128	-0.7646753963863573	-0.9259767609722015	35	55	0.1159755316050124	0.1613013645858442	0.1386384480954283	0.6111111111111112	0.2	0.303726056772642	36771	36635	36795	36763	36716	36806	False
0.8144329896907216	0.04285605663965204	0.4972375690607735	0.972972972972973	181	114	47	1.8255133973961288	-0.8806509279913697	111	70	2.647452322882713	2.7061643253874985	2.6768083241351057	0.3867403314917127	0.7080745341614907	0.8422696533671372	36876	36795	36956	36842	36806	36987	False
0.7903780068728522	0.6314080399052155	0.8950276243093923	0.9363636363636363	162	108	56	1.168103196178324	-0.8219389254865843	110	52	3.151752901283369	1.9900421216649082	2.5708975114741386	0.32098765432098764	0.6585365853658537	1.1138570940192496	37039	36956	37120	37012	36987	37149	True
0.8865979381443299	0.6264063695063509	0.5662650602409639	0.954954954954955	166	69	55	1.3762952976424379	-1.9836497051050452	111	55	2.6061199890277265	3.359945002747483	2.9830324958876044	0.3313253012048193	0.5564516129032258	1.064462398613091	37204	37120	37244	37175	37149	37315	True
0.3539518900343643	0.6176601543191814	0.5662650602409639	1.0	94	47	95	0.40266546943950043	-1.2298246913852886	44	50	1.0083241246595844	1.632490160824789	1.3204071427421868	0.5319148936170213	0.33098591549295775	0.6122006576236879	37365	37244	37386	37339	37315	37409	True
0.3917525773195876	0.6142727903825734	0.8952380952380953	1.0	105	54	46	0.4576208857900389	-0.605658655220084	57	48	1.7309566004834838	1.063279541010123	1.3971180707468034	0.45714285714285713	0.54	0.7233025143179658	37457	37386	37486	37432	37409	37514	True
0.40893470790378006	0.4976361657379053	0.796875	1.0	102	51	55	0.6277961388710247	-1.273335714693445	46	56	0.9460719661700195	1.9011318535644697	1.4236019098672446	0.5490196078431373	0.4811320754716981	0.7165706608924859	37570	37486	37592	37541	37514	37616	True
0.3711340206185567	0.7631891885838378	0.6875	1.0	128	70	52	0.8593537435263573	-0.31827582729899484	65	63	1.543037543561831	1.1776295708253521	1.3603335571935915	0.4921875	0.5737704918032787	0.6828545741462777	37679	37592	37714	37644	37616	37744	True
0.22336769759450173	0.6287304152425816	0.5398773006134969	1.0	88	44	54	0.49554970294537515	-0.6836838000354737	40	48	0.8055406906617837	1.179233502980849	0.9923870968213163	0.5454545454545454	0.4489795918367347	0.3652664969124466	37792	37714	37812	37768	37744	37832	True
0.6632302405498282	0.4094462131006952	0.5398773006134969	1.0	163	93	45	0.9712269574198766	-0.3099909877164086	111	52	3.129148357323298	1.2812179451362853	2.2051831512297917	0.31901840490797545	0.6739130434782609	0.6863009203433902	37884	37812	37950	37857	37832	37995	True
0.2268041237113402	0.06309732650536337	0.78125	0.829978813559322	150	58	125	-0.36890269567244677	-2.157921399903421	32	118	0.19724071651878944	1.7890187042309742	0.9931297103748818	0.7866666666666666	0.31693989071038253	0.417350549056259	38113	37950	38133	38075	37995	38145	False
0.9828178694158075	0.06309732650536337	0.7604166666666666	1.0	192	117	47	2.5598324007780136	-0.5661434121912362	125	67	3.8311809711032856	3.1259758129692496	3.4785783920362676	0.3489583333333333	0.7134146341463414	0.9535892125003782	38212	38133	38297	38180	38145	38337	False
0.7628865979381443	0.7146956621995704	0.7191780821917808	1.0	146	77	69	1.4667798508237835	-1.2713485703252723	83	63	2.16721977584392	2.7381284211490557	2.452674098496488	0.4315068493150685	0.5273972602739726	1.2986096401150031	38400	38297	38443	38366	38337	38483	True
0.48109965635738833	0.6216191579713101	0.7191780821917808	1.0	105	52	67	1.0404947753423386	-0.7004399250201363	51	54	1.452445284967462	1.7409347003624749	1.5966899926649685	0.5142857142857142	0.4369747899159664	0.7350621260075788	38537	38443	38562	38510	38483	38588	True
0.26804123711340205	0.6216191579713101	0.8857142857142857	1.0	93	47	47	0.49091730541574985	-0.41195050962512353	50	43	1.3260634116261627	0.9028678150408733	1.114465613333518	0.46236559139784944	0.5	0.4988522161298517	38631	38562	38656	38609	38588	38681	True
0.23711340206185566	0.6801662841727557	0.967741935483871	1.0	93	47	48	0.40253902419793597	-0.8351461062104129	44	49	0.8418316961257193	1.237685130408349	1.039758413267034	0.5268817204301075	0.49473684210526314	0.4992707468756343	38730	38656	38751	38704	38681	38774	True
0.140893470790378	0.6732575847347764	0.8333333333333334	1.0	90	45	43	0.2119581590837135	-0.43929267192778326	49	41	0.967313025174534	0.6512508310114967	0.8092819280930154	0.45555555555555555	0.5113636363636364	0.3595899561954637	38815	38751	38839	38794	38774	38864	True
0.2920962199312715	0.7772561452838745	0.8333333333333334	1.0	108	54	51	0.48916797370126064	-0.7553548660908205	54	54	1.1009353889384614	1.2445228397920811	1.1727291143652714	0.5	0.5142857142857142	0.5419053696531021	38918	38839	38944	38890	38864	38972	True
0.47079037800687284	0.4741668165634357	0.864	1.0	125	67	56	0.3813912407104436	-0.6117674152372008	67	58	2.094534288893614	0.9931586559476444	1.5438464724206291	0.464	0.5447154471544715	0.8652685766737336	39030	38944	39067	39000	38972	39097	True
0.7800687285223368	0.6828746351493168	0.88	1.0	110	53	60	1.316885814693694	-1.7131430481831702	51	59	2.0691298542289376	3.030028862876864	2.5495793585529007	0.5363636363636364	0.4690265486725664	1.2484459830888262	39156	39067	39180	39127	39097	39207	True
0.42955326460481097			1.0	118	57	53	0.9525536941046339	-0.7522440395352434	63	55	1.2346167081606136	1.7047977336398774	1.4697072209002455	0.4661016949152542	0.5181818181818182	0.695637482230648	39262	39180	39290	39233	39207	39325	False
