amp_fraction	amp_consistency	period_consistency	monotonicity	period	time_peak	time_trough	volt_peak	volt_trough	time_decay	time_rise	volt_decay	volt_rise	volt_amp	time_rdsym	time_ptsym	band_amp	sample_peak	sample_last_zerox_decay	sample_zerox_decay	sample_zerox_rise	sample_last_trough	sample_next_trough	is_burst
0.009554140127388535			1.0	79	41	48	-0.5120184818036325	-0.5750336106308486	50	29	0.2997047042961398	0.06301512882721605	0.18135991656167794	0.3670886075949367	0.4606741573033708	0.10929713239734352	195	132	221	180	166	245	False
0.022292993630573247	0.22888957454886227	0.5985401459854015	1.0	82	41	48	-0.3859954206554716	-0.8117231860997723	33	49	0.19286661415819345	0.42572776544430074	0.3092971898012471	0.5975609756097561	0.4606741573033708	0.11140796679613896	294	221	310	269	245	327	False
0.2197452229299363	0.22888957454886227	0.5985401459854015	1.0	137	75	48	0.2637565708538517	-0.578862034813665	72	65	0.7813543148693702	0.8426186056675167	0.8119864602684435	0.4744525547445255	0.6097560975609756	0.49647974626077557	392	310	433	358	327	464	True
0.8980891719745223	0.31291103353197824	0.6536312849162011	1.0	179	80	70	1.979451676229738	-0.5175977440155185	103	76	2.832601265604361	2.4970494202452564	2.664825342924809	0.4245810055865922	0.5333333333333333	1.0791855576885785	540	433	583	503	464	643	True
0.6242038216560509	0.4485547479575318	0.6536312849162011	1.0	117	54	101	1.2798839530453054	-0.8531495893746229	43	74	0.9567823230051321	2.1330335424199283	1.5449079327125301	0.6324786324786325	0.34838709677419355	0.8443756713256572	717	583	738	684	643	760	True
0.14331210191082802	0.23614628616825833	0.6304347826086957	1.0	87	42	43	1.1821956043362398	0.32310163004017334	43	44	0.5556985136277992	0.8590939742960665	0.7073962439619328	0.5057471264367817	0.49411764705882355	0.20735328355914195	804	738	823	781	760	847	True
0.6815286624203821	0.03923449397152233	0.6304347826086957	0.9838709677419355	138	93	38	0.7577232309308667	0.6264970907084406	107	31	3.344662488005434	0.13122614022242607	1.73794431411393	0.2246376811594203	0.7099236641221374	0.8147207480157963	878	823	954	861	847	985	False
0.3821656050955414	0.10222048135647524	0.8176470588235294	0.8314606741573034	139	72	54	-0.7371282563763104	-2.586939257074567	89	50	0.37807749083205544	1.8498110006982567	1.113944245765156	0.3597122302158273	0.5714285714285714	0.8070279350450478	1035	954	1080	1008	985	1124	False
0.9840764331210191	0.10222048135647524	0.8176470588235294	1.0	170	68	77	2.583441390967195	-1.1152057472083658	106	64	3.804173812453954	3.698647138175561	3.7514104753147572	0.3764705882352941	0.4689655172413793	1.2540666984291549	1188	1080	1225	1157	1124	1294	False
0.12101910828025478	0.12584779538422103	0.9239130434782609	0.861842105263158	184	50	187	-0.18788395345526432	-1.2207324214867588	32	152	0.2749864195742934	1.0328484680314944	0.6539174438028938	0.8260869565217391	0.2109704641350211	0.3538415866619877	1446	1225	1462	1412	1294	1478	False
0.8280254777070064	0.12584779538422103	0.5317919075144508	1.0	173	108	49	1.7222010359271345	-0.4628703730295577	106	67	2.2026397368455806	2.1850714089566923	2.1938555729011364	0.3872832369942196	0.6878980891719745	0.738765961998976	1545	1462	1619	1511	1478	1651	False
0.36942675159235666	0.600717706451309	0.5317919075144508	1.0	92	45	55	0.877839106391218	-0.48043870091844604	43	49	0.8159415291307743	1.358277807309664	1.087109668220219	0.532608695652174	0.45	0.5450050666359313	1700	1619	1719	1674	1651	1743	True
0.4171974522292994	0.3251528460477829	0.49230769230769234	1.0	96	48	43	0.6450667624334832	0.06189757726044365	58	38	1.793523237644796	0.5831691851730395	1.1883462114089178	0.3958333333333333	0.5274725274725275	0.6043288938435217	1781	1719	1810	1762	1743	1839	True
0.49363057324840764	0.45524131300453413	0.49230769230769234	0.9166666666666667	195	115	75	0.609116123051148	-1.1484564752113129	63	132	0.865061370806439	1.757572598262461	1.3113169845344501	0.676923076923077	0.6052631578947368	0.4696767521822371	1971	1810	2000	1885	1839	2034	True
0.910828025477707	0.33514154501265286	0.6013071895424836	1.0	153	70	82	1.6442807337074747	-0.25594524775529087	70	83	3.5531255099299566	1.9002259814627656	2.726675745696361	0.5424836601307189	0.4605263157894737	1.1706324287477656	2117	2000	2152	2082	2034	2187	True
0.10191082802547771	0.0	0.6013071895424836	0.4945054945054945	92	67	60	-0.7180448032006863	-1.908844776222482	1	91	-0.01163137420763427	1.1907999730217957	0.5895842994070808	0.9891304347826086	0.5275590551181102	0.5348355654618756	2278	2152	2279	2212	2187	2279	False
0.697452229299363	0.0	0.6052631578947368	1.0	152	60	65	1.6916357229858696	-0.706413428993052	51	101	1.1103899806374304	2.3980491519789218	1.754219566308176	0.6644736842105263	0.48	0.4804749473831443	2380	2279	2404	2344	2279	2431	False
0.3885350318471338	0.19517616140730643	0.6776315789473685	1.0	103	52	45	0.947428429451635	0.5812457423484391	67	36	1.8761650217058108	0.3661826871031959	1.1211738544045033	0.34951456310679613	0.5360824742268041	0.47412731078660036	2467	2404	2501	2449	2431	2534	False
0.48089171974522293	0.46087583853393027	0.8793103448275862	1.0	116	58	58	0.008162655476420323	-0.9287365922541759	65	51	1.6299626672846301	0.9368992477305963	1.2834309575076133	0.4396551724137931	0.5	0.6739194321422493	2585	2501	2617	2559	2534	2650	False
0.10509554140127389	0.12270771499230657	0.4112903225806452	1.0	102	49	56	-0.8705896007444044	-1.6218000118082099	52	50	0.4447328732856243	0.7512104110638055	0.5979716421747149	0.49019607843137253	0.4666666666666667	0.5065753022630265	2700	2617	2722	2673	2650	2752	False
0.9904458598726115	0.12270771499230657	0.4112903225806452	1.0	248	128	107	2.309004434131433	-1.3153224740300287	96	152	4.050401019994455	3.6243269081614615	3.837363964077958	0.6129032258064516	0.5446808510638298	0.9592671026774366	2904	2722	2957	2829	2752	3000	False
0.5191082802547771	0.04998971371627231	0.5604838709677419	1.0	139	60	108	0.8514580760005737	-1.7413965858630225	26	113	0.1296160622544632	2.592854661863596	1.3612353620590296	0.8129496402877698	0.35714285714285715	0.658037333010989	3113	2957	3125	3065	3000	3139	False
0.5923566878980892	0.19400259229891753	0.6626016260162602	1.0	163	98	39	1.389957118387351	0.7218420137461105	113	50	2.332687682958939	0.6681151046412405	1.5004013938000897	0.3067484662576687	0.7153284671532847	0.4060074761290096	3189	3125	3262	3164	3139	3302	False
0.5286624203821656	0.2639378697253333	0.5	0.9032258064516129	246	157	67	0.539357979646793	-0.942730564571588	186	60	1.2553948988143606	1.482088544218381	1.3687417215163709	0.24390243902439024	0.7008928571428571	0.362134268766093	3362	3262	3486	3329	3302	3548	False
0.03821656050955414	0.2639378697253333	0.5	1.0	123	65	91	-0.3846906639104548	-0.7160369191675675	62	61	0.4352659200708917	0.3313462552571127	0.3833060876640022	0.4959349593495935	0.4166666666666667	0.27963489595476254	3609	3486	3642	3577	3548	3671	False
0.012738853503184714	0.08646926253395355	0.42021276595744683	1.0	79	42	50	-0.5640192598345519	-0.8199565839813465	39	40	0.13232305183377924	0.2559373241467946	0.19413018799028692	0.5063291139240507	0.45652173913043476	0.1499095432884267	3711	3642	3734	3692	3671	3750	False
0.5636942675159236	0.08646926253395355	0.42021276595744683	1.0	188	104	66	0.8339477354084603	-0.6963423116683312	114	74	1.3342553860528474	1.5302900470767915	1.4322727165648195	0.39361702127659576	0.611764705882353	0.5126808426165075	3824	3734	3904	3800	3750	3938	False
0.4840764331210191	0.6139798756809536	0.5691489361702128	1.0	107	53	64	1.1017924671987256	-0.5003076506443871	48	59	0.9836572311817554	1.6021001178431127	1.292878674512434	0.5514018691588785	0.452991452991453	0.6363269571817424	3997	3904	4021	3968	3938	4045	False
0.5222929936305732	0.39717383633215975	0.7864077669902912	1.0	103	50	48	1.0731769580748043	0.11813523601697018	57	46	1.7692233032376132	0.9550417220578341	1.3621325126477237	0.44660194174757284	0.5102040816326531	0.6195927970174787	4091	4021	4119	4069	4045	4148	False
0.09554140127388536	0.39717383633215975	0.46551724137931033	1.0	81	41	49	0.006642861512329852	-0.6960463451628089	38	43	0.4534823365164474	0.7026892066751388	0.5780857715957931	0.5308641975308642	0.45555555555555555	0.2810348460505172	4191	4119	4209	4168	4148	4229	False
0.4426751592356688	0.4317688812924506	0.46551724137931033	1.0	174	92	43	0.29588482603598687	-0.4468394750041176	125	49	1.7201895116128898	0.7427243010401045	1.231456906326497	0.28160919540229884	0.6814814814814815	0.3503996024079368	4278	4209	4344	4252	4229	4403	False
0.17834394904458598	0.1368395611076709	0.7068965517241379	1.0	123	62	103	-0.11375616579080115	-1.424304685576903	34	89	0.2066054574939657	1.310548519786102	0.7585769886400339	0.7235772357723578	0.37575757575757573	0.44718927837709627	4492	4344	4509	4447	4403	4526	False
0.2770700636942675	0.1368395611076709	0.7886178861788617	1.0	97	47	49	1.1894755599213396	-0.32036162328476686	33	64	0.3108608613428314	1.5098371832061064	0.9103490222744689	0.6597938144329897	0.4895833333333333	0.2764301273223837	4590	4509	4605	4558	4526	4623	False
0.3184713375796178	0.17804551115049813	0.5892857142857143	1.0	99	48	39	1.5154545732875553	0.8786146985785082	57	42	1.3347306072063474	0.6368398747090471	0.9857852409576973	0.42424242424242425	0.5517241379310345	0.3303142611743932	4665	4605	4692	4644	4623	4722	False
0.4394904458598726	0.10686852049425752	0.5892857142857143	0.9202898550724637	168	115	44	0.41836675928947675	0.1807239660812079	138	30	2.2236931147656187	0.23764279320826887	1.2306679539869438	0.17857142857142858	0.7232704402515723	0.40311887316361467	4752	4692	4851	4736	4722	4890	False
0.6910828025477707	0.055901702750138706	0.5649717514124294	1.0	177	73	126	1.5108893520615108	-1.805326355476142	32	145	0.1853821047381108	3.316215707537653	1.750798906137882	0.8192090395480226	0.36683417085427134	0.34023942784651307	5035	4851	5050	4977	4890	5067	False
0.4299363057324841	0.1643779349548507	0.5649717514124294	1.0	100	51	36	1.6690943176655504	1.3255072473234	63	37	2.090226224319722	0.3435870703421504	1.2169066473309362	0.37	0.5862068965517241	0.556357126317105	5104	5050	5137	5086	5067	5167	False
0.7452229299363057	0.5256996658104615	0.8303571428571429	1.0	112	56	55	1.1136751512172738	-0.4211319066541713	61	51	2.2065684743758474	1.534807057871445	1.870687766123646	0.45535714285714285	0.5045045045045045	1.0170575059157074	5218	5137	5248	5192	5167	5279	True
0.321656050955414	0.5256996658104615	0.8303571428571429	1.0	93	46	55	0.06709898640870937	-1.0928933231585736	44	49	0.8228882737763895	1.1599923095672828	0.9914402916718361	0.5268817204301075	0.45544554455445546	0.44654566844466975	5328	5248	5349	5303	5279	5372	True
0.23248407643312102	0.5678780189318847	0.6619718309859155	1.0	94	45	42	-0.15665798773425393	-0.7557892873676801	55	39	1.055035200623411	0.5991312996334262	0.8270832501284185	0.4148936170212766	0.5172413793103449	0.3472550313503218	5411	5349	5436	5391	5372	5466	True
0.1337579617834395	0.5784575165894726	0.6619718309859155	1.0	142	54	95	-0.44324721766495045	-1.211693188357665	46	96	0.6137527327849899	0.7684459706927145	0.6910993517388522	0.676056338028169	0.3624161073825503	0.36595334787281913	5562	5436	5585	5531	5466	5608	True
0.17197452229299362	0.15464204520395897	0.6690140845070423	1.0	95	48	51	0.004016140072340916	-1.0569999504499403	38	57	0.4278587263365647	1.0610160905222812	0.744437408429423	0.6	0.48484848484848486	0.37648227780151033	5665	5585	5684	5636	5608	5703	False
0.7802547770700637	0.15464204520395897	0.5980861244019139	1.0	125	59	55	2.342925828963714	-0.4238425862642238	55	70	1.235636761819435	2.7667684152279377	2.0012025885236864	0.56	0.5175438596491229	0.8659235639894357	5773	5684	5798	5739	5703	5828	False
0.7707006369426752	0.09286648918497586	0.5980861244019139	0.9777777777777779	209	132	49	1.4389203437877607	1.1072890671442788	164	45	3.571054311991089	0.3316312766434819	1.9513427943172856	0.215311004784689	0.7292817679558011	0.5074651047019433	5873	5798	5979	5847	5828	6037	False
0.44904458598726116	0.21516217920473255	0.84688995215311	1.0	177	115	96	-0.15090656875281883	-2.1321339682033282	48	129	0.49510679674620184	1.9812273994505094	1.2381670980983557	0.7288135593220338	0.5450236966824644	0.5234655020211607	6166	5979	6190	6075	6037	6214	False
0.6942675159235668	0.06840938815878969	0.4948453608247423	1.0	194	68	115	1.6550731850099072	-0.6460133654990207	63	131	1.2022563653315728	2.301086550508928	1.7516714579202504	0.6752577319587629	0.37158469945355194	0.5468247738125135	6345	6190	6373	6305	6214	6408	False
0.2356687898089172	0.052127343243749145	0.4948453608247423	1.0	96	51	48	0.5350624420406778	0.45281681967833454	70	26	1.5777827382792182	0.08224562236234323	0.8300141803207808	0.2708333333333333	0.5151515151515151	0.5223350172727442	6434	6373	6472	6421	6408	6504	False
0.8312101910828026	0.5458623305726744	0.6040268456375839	1.0	149	82	70	1.5623619621814617	-1.0427202962385405	63	86	1.8928136120311825	2.605082258420002	2.2489479352255923	0.5771812080536913	0.5394736842105263	0.9752080204608247	6590	6472	6624	6542	6504	6653	True
0.7101910828025477	0.4023373381118128	0.5357142857142857	1.0	90	45	49	0.7027639997533024	-0.33045164984972064	51	39	2.5680332192183566	1.0332156496030231	1.8006244344106899	0.43333333333333335	0.4787234042553192	0.7992588085009852	6692	6624	6718	6673	6653	6743	True
0.9299363057324841	0.6588244835545247	0.5357142857142857	0.8879310344827587	168	115	49	0.7168083587884988	-1.8652692194650542	116	52	3.167348315373987	2.582077578253553	2.87471294681377	0.30952380952380953	0.7012195121951219	1.062604043473328	6795	6718	6882	6767	6743	6911	True
0.4585987261146497	0.16474278528001499	0.6903765690376569	0.8712121212121212	165	120	57	-0.3638133384719272	-2.450539956585488	33	132	0.43315405452779754	2.086726618113561	1.2599403363206791	0.8	0.6779661016949152	0.5255520381939325	7043	6882	7059	6939	6911	7076	False
0.9012738853503185	0.16474278528001499	0.6903765690376569	0.9006024096385542	239	147	52	1.83230741130543	-0.7969673929997247	166	73	2.721765731416319	2.6292748043051546	2.675520267860737	0.3054393305439331	0.7386934673366834	0.5916725610969918	7149	7059	7258	7111	7076	7315	False
0.8821656050955414	0.7289519073239819	0.7196652719665272	1.0	172	96	82	1.4439308545770069	-0.8894583201108888	109	63	2.878827786506642	2.3333891746878956	2.6061084805972685	0.36627906976744184	0.5393258426966292	0.9831389130660199	7378	7258	7436	7340	7315	7487	True
0.7261146496815286	0.7289519073239819	0.8390243902439024	0.9172185430463576	205	131	99	0.6636300739016584	-1.434896931929635	54	151	1.5631536735279967	2.0985270058312935	1.830840339679645	0.7365853658536585	0.5695652173913044	0.6293555669344142	7638	7436	7666	7535	7487	7692	True
0.8407643312101911	0.7588698542758042	0.7638190954773869	0.935251798561151	199	127	55	1.1603206078098989	-0.8995235996263382	139	60	2.522845488485165	2.059844207436237	2.2913448479607013	0.3015075376884422	0.6978021978021978	0.7000939427308277	7752	7666	7848	7721	7692	7891	True
0.7229299363057324	0.653961193662738	0.7638190954773869	1.0	152	84	82	0.8444315768648074	-1.3625248806752661	63	89	1.443263879334594	2.2069564575400733	1.8251101684373336	0.5855263157894737	0.5060240963855421	0.9444455550365591	7980	7848	8014	7930	7891	8043	True
0.6560509554140127	0.8192227025431845	0.8888888888888888	0.9094827586206897	171	114	59	1.1629156017986668	-0.5988323024697866	55	116	1.5260664319478343	1.7617479042684534	1.6439071681081439	0.6783625730994152	0.6589595375722543	0.6274905321054993	8159	8014	8187	8073	8043	8214	True
0.6592356687898089	0.17655740737670722	0.5263157894736842	1.0	152	90	52	1.0395374153600256	-0.3631508301491675	97	55	1.8972189977781355	1.4026882455091931	1.6499536216436643	0.3618421052631579	0.6338028169014085	0.6316996894026841	8269	8187	8329	8239	8214	8366	False
0.27070063694267515	0.17655740737670722	0.5128205128205128	1.0	80	41	52	-0.5227135149445674	-0.8576815824181099	49	31	1.4652346954412996	0.33496806747354246	0.900101381457421	0.3875	0.44086021505376344	0.4947545687819739	8397	8329	8422	8381	8366	8446	False
0.7929936305732485	0.4200395497282549	0.5128205128205128	1.0	156	76	53	0.8742360366474362	-1.987948210385867	91	65	1.202230582363173	2.862184247033303	2.032207414698238	0.4166666666666667	0.5891472868217055	0.9004607839643932	8511	8422	8551	8475	8446	8602	False
0.43312101910828027	0.3535208558835113	0.4264705882352941	0.915	204	89	126	0.30972435164537115	-0.3279945457157366	104	100	1.8039074265288684	0.6377188973611078	1.220813161944988	0.49019607843137253	0.413953488372093	0.4485516253754872	8702	8551	8766	8677	8602	8806	False
0.0732484076433121	0.24683346107666734	0.4264705882352941	0.9705882352941176	87	43	65	-0.6752786712583805	-1.4941830748834972	34	53	0.20213300823771174	0.8189044036251167	0.5105187059314142	0.6091954022988506	0.39814814814814814	0.3495320504990413	8859	8766	8874	8831	8806	8893	False
0.06687898089171974	0.2290067575523545	0.4258373205741627	1.0	89	45	44	-0.17663708454910623	-0.8774116794960922	38	51	0.30434881953390125	0.700774594946986	0.5025617072404436	0.5730337078651685	0.5056179775280899	0.2415249465932379	8944	8874	8963	8918	8893	8982	False
0.6878980891719745	0.2290067575523545	0.4258373205741627	0.891156462585034	209	141	50	0.8480090250920513	-0.4809859040830075	147	62	2.1690095180670643	1.328994929175059	1.7490022236210616	0.2966507177033493	0.7382198952879581	0.5871643261270945	9044	8963	9154	9013	8982	9191	True
0.9872611464968153	0.5745650269658835	0.8771929824561403	1.0	200	114	81	2.4540457007012613	-1.321000492975013	101	99	3.8450568442540165	3.7750461936762743	3.810051518965145	0.495	0.5846153846153846	1.4476872627544572	9290	9154	9349	9235	9191	9391	True
0.9713375796178344	0.27033500786311615	0.7017543859649122	1.0	228	93	75	2.1888263626170907	-1.3910111435527555	158	70	3.0008395246242454	3.579837506169846	3.2903385153970457	0.30701754385964913	0.5535714285714286	1.032460559533002	9461	9349	9517	9424	9391	9619	True
0.3089171974522293	0.27033500786311615	0.7017543859649122	1.0	160	66	164	-0.0007811855219093137	-0.8120131620071545	63	97	1.1209243781930032	0.8112319764852451	0.9660781773391242	0.60625	0.28695652173913044	0.47975329678468775	9716	9517	9747	9681	9619	9779	True
0.28343949044585987	0.48281311179293135	0.7210884353741497	1.0	147	63	92	0.14035067796615144	-1.1217055637149125	48	99	0.6093373013037263	1.262056241681064	0.9356967714923952	0.673469387755102	0.4064516129032258	0.4138278495316005	9878	9747	9902	9839	9779	9926	True
0.12738853503184713	0.6004394660663164	0.6708860759493671	1.0	106	53	49	0.18469427560152352	-0.4689866233375749	55	51	0.6953632560763415	0.6536808989390984	0.67452207750772	0.4811320754716981	0.5196078431372549	0.3040505240210156	9977	9902	10004	9951	9926	10032	True
0.23885350318471338	0.4364764640618319	0.6708860759493671	0.9419642857142857	158	61	101	0.6474215438404861	-0.510668980474818	46	112	0.5054792571166569	1.1580905243153041	0.8317848907159805	0.7088607594936709	0.3765432098765432	0.23601272403208906	10144	10004	10166	10105	10032	10190	True
0.09235668789808917	0.40783170282450054	0.711864406779661	0.8378378378378378	168	83	79	0.4768446457748127	0.14194228672382928	57	111	0.8211778454974592	0.3349023590509834	0.5780401022742213	0.6607142857142857	0.5123456790123457	0.2584657820128686	10301	10166	10328	10245	10190	10358	False
0.8503184713375797	0.4960140860602746	0.711864406779661	1.0	236	112	113	1.2337158865994495	-0.3443331997226464	114	122	3.1814602259709512	1.578049086322096	2.3797546561465235	0.5169491525423728	0.49777777777777776	0.6900623989446473	10480	10328	10553	10441	10358	10594	True
0.554140127388535	0.29726243691816345	0.6105263157894737	1.0	190	126	78	0.11313469924788211	-1.9477443393715017	67	123	0.7379690009895363	2.060879038619384	1.39942401980446	0.6473684210526316	0.6176470588235294	0.7135585366794028	10717	10553	10757	10631	10594	10784	True
0.9585987261146497	0.29726243691816345	0.4344569288389513	1.0	116	59	58	1.8577161632291341	-0.6248343017416542	57	59	3.8186836854391135	2.4825504649707884	3.150617075204951	0.5086206896551724	0.5042735042735043	1.5361744568158058	10843	10757	10874	10815	10784	10900	True
0.9522292993630573	0.16622587634732008	0.42696629213483145	0.9221311475409837	267	82	105	1.9620670511055185	-1.9609675222099794	145	122	2.13651679731061	3.9230345733154977	3.0297756853130537	0.45692883895131087	0.4385026737967914	0.7755071998361174	11022	10874	11061	10979	10900	11167	False
0.20382165605095542	0.16622587634732008	0.42696629213483145	1.0	114	58	129	0.18069463075863434	-0.1744497462050914	67	47	1.21650293820577	0.35514437696372575	0.7858236575847478	0.41228070175438597	0.31016042780748665	0.4361466678847471	11214	11061	11248	11190	11167	11281	False
0.25796178343949044	0.39105252665389023	0.5069124423963134	1.0	110	57	60	-0.414642316753999	-1.0358083074471356	57	53	1.0962630566797364	0.6211659906931366	0.8587145236864365	0.4818181818181818	0.48717948717948717	0.6083035694022252	11334	11248	11365	11308	11281	11391	True
0.8789808917197452	0.39105252665389023	0.5069124423963134	0.8938356164383562	217	149	62	1.292459857472977	-1.5109053734337354	71	146	2.3940511760691203	2.8033652309067127	2.5987082034879165	0.6728110599078341	0.7061611374407583	0.8147033588731534	11537	11365	11576	11427	11391	11608	True
0.9171974522292994	0.2784053360380401	0.4463276836158192	0.9705882352941176	177	113	60	1.2772470031680525	-1.101591318596143	119	58	3.208525276121668	2.3788383217641957	2.7936817989429317	0.327683615819209	0.653179190751445	0.9884188623716615	11666	11576	11749	11636	11608	11785	True
0.08598726114649681	0.14743847156805764	0.4463276836158192	0.9142857142857144	79	36	56	-1.0380077152684173	-1.9312782729536155	35	44	0.17360445973542538	0.8932705576851983	0.5334375087103118	0.5569620253164557	0.391304347826087	0.5156193594150558	11829	11749	11841	11805	11785	11864	False
0.22929936305732485	0.14743847156805764	0.7452830188679245	1.0	106	59	50	-0.03414161464680922	-1.2116121750038427	42	64	0.4618779660485157	1.1774705603570335	0.8196742632027746	0.6037735849056604	0.5412844036697247	0.5203529207435511	11928	11841	11950	11891	11864	11970	False
0.8439490445859873	0.1834871410288854	0.819047619047619	1.0	105	50	51	2.02120295303964	-0.4960195806953249	47	58	2.1453250889841047	2.517222533734965	2.3312738113595346	0.5523809523809524	0.49504950495049505	0.9810839277258668	12028	11950	12051	12001	11970	12075	False
0.7547770700636943	0.5462350599974638	0.5149700598802395	1.0	86	43	43	1.2200073421225053	-0.12412213594446478	47	39	2.460716230981605	1.3441294780669701	1.9024228545242876	0.45348837209302323	0.5	0.7267834253512742	12114	12051	12137	12094	12075	12161	True
0.9140127388535032	0.7680474673059673	0.5149700598802395	0.915929203539823	167	111	49	1.4640910373065665	-1.2407088888591	113	54	2.8338523984803903	2.7047999261656663	2.7693261623230283	0.32335329341317365	0.69375	1.0642047208748442	12215	12137	12297	12186	12161	12328	True
0.8248407643312102	0.4560625925169457	0.8083832335329342	1.0	135	60	56	0.8067717961979806	-1.3697613611738237	81	54	2.154297234771105	2.1765331573718045	2.1654151960714545	0.4	0.5172413793103449	1.058341583310062	12382	12297	12413	12353	12328	12463	True
0.1592356687898089	0.33140278125617206	0.7909090909090909	1.0	110	52	88	-0.365031056631327	-1.3475254385731243	40	70	0.4770265176625104	0.9824943819417973	0.7297604498021538	0.6363636363636364	0.37142857142857144	0.4343167072923515	12533	12413	12553	12501	12463	12573	True
0.28662420382165604	0.2683577432100493	0.3625	1.0	87	43	47	0.5973585822464187	-0.8420575742938374	33	54	0.44431790579501523	1.4394161565402561	0.9418670311676357	0.6206896551724138	0.4777777777777778	0.279025386793375	12627	12553	12643	12600	12573	12660	True
0.856687898089172	0.2683577432100493	0.3625	0.9491978609625669	240	113	43	1.8087331877989825	0.15304067645140346	187	53	3.107092854999862	1.655692511347579	2.3813926831737207	0.22083333333333333	0.7243589743589743	0.4450290305575084	12713	12643	12799	12686	12660	12900	True
0.9363057324840764	0.7061381808184424	0.85	1.0	204	107	144	1.2622319494758867	-1.2983596672008797	114	90	3.2468129640577956	2.560591616676766	2.903702290367281	0.4411764705882353	0.4262948207171315	1.1422685784490048	12990	12799	13050	12943	12900	13104	True
0.9968152866242038	0.18215668818647487	0.422680412371134	0.9038461538461539	194	121	87	2.6134042696787567	-1.9845810145819092	130	64	4.165068166321638	4.597985284260666	4.3815267252911525	0.32989690721649484	0.5817307692307693	1.169464621783291	13168	13050	13258	13137	13104	13298	False
0.08280254777070063	0.09200458888145126	0.3166023166023166	0.9069767441860466	82	36	58	-0.792968873394818	-1.5516638966428813	43	39	0.2995697116123698	0.7586950232480633	0.5291323674302165	0.47560975609756095	0.3829787234042553	0.4784300036525171	13337	13258	13352	13316	13298	13380	False
0.9745222929936306	0.09200458888145126	0.3166023166023166	0.9744525547445255	259	110	121	2.163491524516676	-1.0925385850071878	122	137	3.4844912678080133	3.2560301095238637	3.3702606886659385	0.528957528957529	0.47619047619047616	0.5897292007336449	13517	13352	13583	13473	13380	13639	False
0.3471337579617834	0.320002190798591	0.6238095238095238	0.9022556390977443	210	116	117	-0.2059549037742132	-1.3209997432913374	77	133	0.9530148343682139	1.1150448395171242	1.034029836942669	0.6333333333333333	0.4978540772532189	0.49486679160854463	13772	13583	13816	13700	13639	13849	True
0.6369426751592356	0.4535464563800807	0.6238095238095238	1.0	131	63	66	0.9422810178982487	-1.158969738142427	64	67	1.0781175779501246	2.1012507560406757	1.5896841669954003	0.5114503816793893	0.4883720930232558	0.8254054570787328	13916	13816	13945	13882	13849	13980	True
0.6496815286624203	0.28565723303279855	0.6582914572864321	1.0	199	119	69	1.1136665260426506	-0.13583656005187594	130	69	2.0224991304108313	1.2495030860945264	1.6360011082526789	0.34673366834170855	0.6329787234042553	0.4637189672657794	14049	13945	14133	14014	13980	14179	True
0.028662420382165606	0.19906468254677911	0.6428571428571429	1.0	140	65	104	-0.33109109896378136	-0.9088326043681807	34	106	0.11644192532922254	0.5777415054043993	0.34709171536681094	0.7571428571428571	0.38461538461538464	0.2811883546767899	14285	14133	14302	14237	14179	14319	False
0.044585987261146494	0.19339729607078007	0.47368421052631576	1.0	90	44	45	0.13741214950425823	-0.4475330242930039	35	55	0.27299725213875325	0.5849451737972622	0.4289712129680077	0.6111111111111112	0.4943820224719101	0.20780882983702545	14374	14302	14391	14347	14319	14409	False
0.7356687898089171	0.19339729607078007	0.47368421052631576	0.96484375	190	123	49	1.2760026376555293	-0.13558510263449505	128	62	2.2636706340251846	1.4115877402900243	1.8376291871576045	0.3263157894736842	0.7151162790697675	0.5747093781610381	14471	14391	14563	14440	14409	14599	False
0.7484076433121019	0.3650649717610636	0.8153153153153153	1.0	181	106	66	0.9775240038880688	-0.9876679963696555	115	66	1.8067504154007696	1.9651920002577243	1.885971207829247	0.36464088397790057	0.6162790697674418	0.702832580529935	14665	14563	14735	14629	14599	14780	False
0.050955414012738856	0.1713023448547873	0.7252252252252253	0.7997311827956989	222	49	202	-0.16964512213512895	-0.8292264115127008	36	186	0.23396603658394288	0.6595812893775719	0.4467736629807574	0.8378378378378378	0.1952191235059761	0.19742045755221924	14966	14735	14986	14937	14780	15002	False
0.30254777070063693	0.1713023448547873	0.7252252252252253	0.94	161	56	46	0.9621963950670454	-0.4036111587190718	100	61	0.5492277691390304	1.3658075537861172	0.9575176614625738	0.37888198757763975	0.5490196078431373	0.3500087004464524	15063	14986	15088	15032	15002	15163	False
0.13694267515923567	0.20046409033161228	0.8421052631578947	1.0	152	96	96	0.644286872693868	0.4129686259280149	108	44	1.1539136330262498	0.23131824676585305	0.6926159398960514	0.2894736842105263	0.5	0.26103082021698504	15207	15088	15280	15184	15163	15315	False
0.05732484076433121	0.3380282357280698	0.8421052631578947	1.0	128	76	58	-0.005707208396230165	-0.509626760332382	76	52	0.4404166974840681	0.5039195519361518	0.47216812471010994	0.40625	0.5671641791044776	0.30654928464813325	15367	15280	15414	15338	15315	15443	False
0.5477707006369427	0.3380282357280698	0.698019801980198	1.0	141	69	61	0.8567752337003542	-0.44612390588029827	77	64	1.4795105310870815	1.3028991395806524	1.391204835333867	0.45390070921985815	0.5307692307692308	0.6840408937456192	15507	15414	15544	15475	15443	15584	True
0.7961783439490446	0.5190769779753136	0.6089108910891089	1.0	202	102	72	0.7703785752267185	-0.6227352973867273	137	65	2.6838290498788018	1.3931138726134458	2.038471461246124	0.3217821782178218	0.5862068965517241	0.67694472362927	15649	15544	15718	15616	15584	15786	True
0.5859872611464968	0.28416122487828527	0.6089108910891089	1.0	123	59	108	0.41344241086363887	-1.913450474652083	46	77	0.6612127325087152	2.326892885515722	1.4940528090122185	0.6260162601626016	0.3532934131736527	0.8198885327409003	15863	15718	15885	15826	15786	15909	True
0.31210191082802546	0.5415156456531275	0.7338129496402878	1.0	139	76	59	0.9732705435938583	-0.24777032164507623	59	80	0.7127815309106464	1.2210408652389346	0.9669111980747905	0.5755395683453237	0.562962962962963	0.33766377664195374	15989	15885	16020	15944	15909	16048	True
0.5382165605095541	0.17622536554912926	0.7338129496402878	1.0	102	52	47	0.6747420035176203	0.2604890126832119	64	38	2.3507001364052793	0.41425299083440836	1.3824765636198437	0.37254901960784315	0.5252525252525253	0.7320160473722962	16086	16020	16119	16067	16048	16150	False
0.4681528662420382	0.23834973364770834	0.6211180124223602	1.0	100	52	58	0.09235358248492515	-1.6759581328876592	42	58	0.7739437968535474	1.7683117153725842	1.2711277561130658	0.58	0.4727272727272727	0.7552378269541048	16208	16119	16229	16177	16150	16250	True
0.9617834394904459	0.23834973364770834	0.6211180124223602	1.0	161	68	55	2.5655029751604723	-0.6815902143686223	95	66	3.1400994568046254	3.2470931895290946	3.19359632316686	0.40993788819875776	0.5528455284552846	1.2303288846094407	16316	16229	16352	16284	16250	16411	True
0.4267515923566879	0.4208936744430433	0.6583850931677019	1.0	106	51	89	0.7470515168469498	-0.5745964816441532	49	57	1.0950440156986698	1.3216479984911031	1.2083460070948866	0.5377358490566038	0.36428571428571427	0.6686755572940928	16468	16352	16492	16441	16411	16517	True
0.6337579617834395	0.4633981306341229	0.7834394904458599	1.0	123	62	53	0.9889538817021171	-0.34799249885172	66	57	1.8288009792462756	1.336946380553837	1.5828736799000565	0.4634146341463415	0.5391304347826087	0.7113905236772038	16574	16492	16607	16545	16517	16640	True
0.49044585987261147	0.4633981306341229	0.7834394904458599	1.0	157	92	56	0.00761585754041893	-0.8398470975441585	108	49	1.7721821167462475	0.8474629550845775	1.3098225359154125	0.31210191082802546	0.6216216216216216	0.6524646069992313	16689	16607	16755	16663	16640	16797	True
0.8535031847133758	0.5511194049502259	0.8532608695652174	1.0	184	105	73	0.6938761260393908	-1.7645662592058287	120	64	2.3031754444861376	2.4584423852452195	2.3808089148656784	0.34782608695652173	0.5898876404494382	0.7859254164244227	16861	16755	16933	16828	16797	16981	True
0.9331210191082803	0.0057149412643756285	0.6407766990291263	0.9636871508379888	206	101	139	2.5697867812237005	-1.609299318446747	27	179	1.583938154720151	4.179086099670448	2.8815121271952995	0.8689320388349514	0.42083333333333334	0.429448057859235	17160	16933	17173	17072	16981	17187	False
0.20063694267515925	0.0057149412643756285	0.6407766990291263	0.6336365871649865	132	103	15	0.9949007400241787	0.9858486265035495	83	49	1.5543901127541564	0.00905211352062918	0.7817211131373928	0.3712121212121212	0.8728813559322034	0.47656426932994717	17236	17173	17291	17188	17187	17319	False
0.6719745222929936	0.6860853904469287	0.6625766871165644	0.8873873873873874	163	53	52	1.4185231774324762	-0.5594893727299778	111	52	1.3570855127871324	1.978012550162454	1.6675490314747932	0.31901840490797545	0.5047619047619047	0.5822079048023601	17371	17291	17396	17343	17319	17482	False
0.9235668789808917	0.2989047308700062	0.6625766871165644	1.0	108	54	107	1.3715718785068545	0.06143766464534374	65	43	4.383116352987028	1.3101342138615106	2.8466252834242693	0.39814814814814814	0.33540372670807456	1.5190400238635056	17525	17396	17557	17503	17482	17590	False
0.5	0.11088429409472281	0.7586206896551724	1.0	88	47	59	-0.6857901337972953	-3.011544474480174	30	58	0.3386105369103972	2.3257543406828787	1.332182438796638	0.6590909090909091	0.44339622641509435	0.8740929211344786	17648	17557	17663	17616	17590	17678	False
0.9681528662420382	0.11088429409472281	0.7068965517241379	1.0	116	55	46	2.029327899915118	-1.0244006707076925	57	59	3.4613266285904825	3.0537285706228103	3.2575275996066466	0.5086206896551724	0.5445544554455446	1.404212948154512	17737	17663	17764	17709	17678	17794	False
0.32802547770700635	0.23459248370599986	0.7068965517241379	1.0	82	42	46	-0.6199975179566084	-1.4319987286753646	46	36	1.1874708401133	0.8120012107187562	0.9997360254160281	0.43902439024390244	0.4772727272727273	0.46173392570665867	17830	17764	17852	17810	17794	17876	False
0.09872611464968153	0.1626724035424827	0.8695652173913043	1.0	80	42	47	-0.8504842589212656	-1.8074683580699085	30	50	0.21283495795365082	0.9569840991486429	0.5849095285511469	0.625	0.47191011235955055	0.43055658978021294	17926	17852	17941	17899	17876	17956	False
0.267515923566879	0.16184115433996474	0.46464646464646464	1.0	92	45	45	0.24504626687517733	-1.0633192168749164	34	58	0.44390490432791263	1.3083654837500938	0.8761351940390032	0.6304347826086957	0.5	0.3599840919892635	18014	17941	18031	17986	17956	18048	False
0.964968152866242	0.16184115433996474	0.46464646464646464	1.0	198	72	49	2.543984529591431	-0.19885863745273533	135	63	3.76696807326584	2.7428431670441666	3.2549056201550033	0.3181818181818182	0.5950413223140496	0.9751763560457668	18111	18031	18152	18080	18048	18246	False
0.7993630573248408	0.42928294762775077	0.4530386740331492	0.8686131386861313	181	126	126	1.6671671131930643	-1.2229835436744085	44	137	1.2406923930683487	2.8901506568674726	2.0654215249679106	0.7569060773480663	0.5	0.608307067897384	18383	18152	18404	18278	18246	18427	True
0.3503184713375796	0.605971470894734	0.4530386740331492	1.0	82	41	41	1.2154521856062876	0.4264747201247156	45	37	1.3020043077549912	0.788977465481572	1.0454908866182815	0.45121951219512196	0.5	0.3079837854934151	18464	18404	18486	18445	18427	18509	True
0.678343949044586	0.26300955023275374	0.8631578947368421	1.0	95	47	44	1.2751053438080482	-0.08655212214870361	52	43	2.0948740872714984	1.3616574659567517	1.728265776614125	0.45263157894736844	0.5164835164835165	0.5740040270539974	18552	18486	18577	18530	18509	18604	True
0.5605095541401274	0.24327612988516534	0.55625	1.0	89	44	42	-0.26879685197592307	-0.8197687434634504	57	32	2.2648004625345073	0.5509718914875273	1.4078861770110174	0.3595505617977528	0.5116279069767442	0.6203076576502345	18636	18577	18663	18619	18604	18693	True
0.9076433121019108	0.20410840630172428	0.55625	0.9098360655737705	160	52	118	1.9912303251187917	-2.5335973145104305	38	122	0.9235553583147134	4.524827639629223	2.724191498971968	0.7625	0.3058823529411765	0.8779076219343047	18815	18663	18833	18781	18693	18853	True
0.89171974522293	0.24357397182284027	0.6075949367088608	1.0	158	69	42	2.3102359865850115	1.0676749668040784	113	45	4.023930290180848	1.2425610197809331	2.6332456549808905	0.2848101265822785	0.6216216216216216	0.7433456752384642	18898	18833	18944	18875	18853	19011	True
0.16878980891719744	0.24357397182284027	0.6075949367088608	1.0	96	48	94	-0.7335696204782534	-1.7136943035958367	41	55	0.5068622941436223	0.9801246831175834	0.7434934886306028	0.5729166666666666	0.3380281690140845	0.5371361844002789	19066	18944	19086	19038	19011	19107	True
0.18789808917197454	0.5188147178638606	0.7443609022556391	1.0	99	48	48	-0.26346985727980665	-1.2404319146218756	45	54	0.5441333508661528	0.976962057342069	0.7605477041041109	0.5454545454545454	0.5	0.28379153271779134	19161	19086	19182	19134	19107	19206	True
0.29936305732484075	0.31201535770810307	0.7443609022556391	1.0	133	74	56	0.2241381862482103	-0.8076032081459594	61	72	0.880277819371021	1.0317413943941698	0.9560096068825954	0.5413533834586466	0.5692307692307692	0.5111697189481691	19278	19182	19312	19238	19206	19339	True
0.9267515923566879	0.31201535770810307	0.5086206896551724	1.0	118	57	60	2.1651247618001452	-0.6561396331228107	56	62	2.8863257437383245	2.821264394922956	2.85379506933064	0.5254237288135594	0.48717948717948717	1.4278043439264008	19401	19312	19429	19372	19339	19457	True
0.8949044585987261	0.014310240454592369	0.5043103448275862	1.0	232	117	58	2.0189862671479624	-0.7212009819381793	163	69	2.543564255479283	2.7401872490861416	2.6418757522827123	0.2974137931034483	0.6685714285714286	0.7554825251916938	19526	19429	19604	19487	19457	19689	False
0.4745222929936306	0.014310240454592369	0.5043103448275862	0.8222222222222222	117	52	120	-0.4881789722237061	-0.5245779883313209	72	45	2.520000449035163	0.03639901610761476	1.2781997325713887	0.38461538461538464	0.3023255813953488	0.9471539169853112	19734	19604	19776	19724	19689	19806	False
0.7070063694267515	0.03511590553210486	0.6119402985074627	1.0	123	62	63	0.41786529372637526	-3.008179421258869	45	78	0.12030866256018896	3.426044714985244	1.7731766887727165	0.6341463414634146	0.496	1.026942169209746	19884	19776	19901	19839	19806	19929	False
0.9554140127388535	0.058829860457185024	0.6119402985074627	1.0	201	108	75	2.3425837929719964	0.2975566311661863	122	79	4.174254078391785	2.0450271618058102	3.109640620098798	0.39303482587064675	0.5901639344262295	0.8427405323442553	20008	19901	20084	19976	19929	20130	False
0.802547770700637	0.595098796971368	0.7512437810945274	1.0	151	81	73	0.6524232948839888	-1.831670285419789	93	58	1.6605068290688505	2.484093580303778	2.0723002046863144	0.3841059602649007	0.525974025974026	1.071295998898533	20188	20084	20238	20157	20130	20281	True
0.6146496815286624	0.8425286923548211	0.967741935483871	1.0	155	93	70	0.6590723425069084	-1.0080835341848617	100	55	1.4046266607407722	1.66715587669177	1.5358912687162711	0.3548387096774194	0.5705521472392638	0.6270433601883544	20336	20238	20401	20308	20281	20436	True
0.732484076433121	0.7675891903746654	0.8666666666666667	1.0	150	85	62	0.8482111246053939	-0.7455543182338638	93	57	2.076326064546753	1.5937654428392576	1.8350457536930054	0.38	0.5782312925170068	0.8747142483584393	20493	20401	20548	20463	20436	20586	True
0.767515923566879	0.5004767653948796	0.7975460122699386	1.0	130	59	69	1.3570355780243921	-1.2281149399413591	67	63	1.2938077692903969	2.5851505179657512	1.939479143628074	0.4846153846153846	0.4609375	0.9746785099732488	20649	20548	20676	20617	20586	20716	True
0.7738853503184714	0.4022524961136977	0.7975460122699386	1.0	163	62	113	1.2048508915043699	0.06322780873399528	59	104	2.838075820038397	1.1416230827703746	1.9898494514043858	0.6380368098159509	0.35428571428571426	0.8327953186167046	20820	20676	20851	20789	20716	20879	True
0.8662420382165605	0.7611748263468548	0.9209039548022598	0.905511811023622	177	54	52	0.8298856403631252	-1.633224928534027	127	50	2.505879442288127	2.463110568897152	2.4844950055926396	0.2824858757062147	0.5094339622641509	0.7366472155475577	20929	20851	20957	20903	20879	21056	True
0.31528662420382164	0.013300170662436165	0.9267015706806283	1.0	191	85	191	0.2314185474048167	-1.675993801925002	26	165	0.03744676969601601	1.9074123493298187	0.9724295595129173	0.8638743455497382	0.3079710144927536	0.2638282809325825	21221	20957	21233	21148	21056	21247	False
0.9203821656050956	0.013300170662436165	0.572972972972973	0.9369747899159664	185	60	102	3.009482243433679	0.1939717777088007	66	119	2.873037340529256	2.8155104657248784	2.844273903127067	0.6432432432432432	0.37037037037037035	0.9392748733009952	21366	21233	21395	21335	21247	21432	False
0.5732484076433121	0.04129084839285263	0.572972972972973	1.0	106	55	47	0.25507505215922116	0.13644490290442313	84	22	2.784492275344868	0.11863014925479803	1.451561212299833	0.20754716981132076	0.5392156862745098	0.7713254621228316	21454	21395	21497	21442	21432	21538	False
0.8726114649681529	0.32407027673888145	0.585635359116022	1.0	181	114	84	1.2387788203956038	-2.529417223185647	48	133	1.2211603346497342	3.7681960435812507	2.4946781891154926	0.7348066298342542	0.5757575757575758	0.9100805054910215	21671	21497	21695	21581	21538	21719	False
0.8694267515923567	0.17659907987435008	0.4777777777777778	1.0	180	88	51	2.1652348226783316	0.017618485745869605	124	56	2.8332425479581573	2.147616336932462	2.4904294424453095	0.3111111111111111	0.6330935251798561	0.6908766347930058	21775	21695	21834	21746	21719	21899	False
0.025477707006369428	0.09269398786039053	0.4777777777777778	1.0	86	45	89	-0.1676596982495562	-0.668007725279826	34	52	0.1660523353314136	0.5003480270302698	0.3332001811808417	0.6046511627906976	0.3358208955223881	0.26468715032050844	21951	21834	21968	21923	21899	21985	False
0.7834394904458599	0.04771528905577388	0.5088757396449705	1.0	169	82	54	1.4576914777396401	-0.3337120335809698	97	72	2.211441549232457	1.79140351132061	2.0014225302765336	0.4260355029585799	0.6029411764705882	0.6017334990246384	22057	21968	22104	22022	21985	22154	False
0.10828025477707007	0.04771528905577388	0.5088757396449705	1.0	86	43	61	-0.6482304987412418	-0.7537500714928169	62	24	1.1089072381408025	0.10551957275157509	0.6072134054461888	0.27906976744186046	0.41346153846153844	0.2591902009451508	22178	22104	22208	22165	22154	22240	False
0.42356687898089174	0.3164345968482617	0.6099290780141844	1.0	141	50	102	0.07212763118828	-1.7571377368820444	39	102	0.5788428492738201	1.8292653680703244	1.2040541086720722	0.723404255319149	0.32894736842105265	0.4796576531599953	22342	22208	22360	22310	22240	22381	True
0.535031847133758	0.4360927163552651	0.8343949044585988	0.9666666666666667	157	56	96	0.8206237343088468	-0.5067152180855401	52	105	1.437587394754431	1.327338952394387	1.382463173574409	0.6687898089171974	0.3684210526315789	0.44632283575585263	22486	22360	22512	22456	22381	22538	True
0.14012738853503184	0.3097379828567254	0.6870229007633588	0.9213483146067416	131	90	48	0.22339959949896765	-0.6169636604455841	42	89	0.5599558113530896	0.8403632599445519	0.7001595356488207	0.6793893129770993	0.6521739130434783	0.5202713689671639	22627	22512	22650	22560	22538	22669	True
0.6528662420382165	0.3097379828567254	0.6870229007633588	1.0	90	44	45	1.4712808709233776	-0.336556211854122	40	50	1.4688380597215063	1.8078370827774997	1.638337571249503	0.5555555555555556	0.4943820224719101	0.5437710128839371	22719	22650	22739	22695	22669	22759	True
0.8885350318471338	0.5842444728162459	0.8804347826086957	1.0	92	45	41	1.9341545959193014	0.002442811201871351	50	42	3.2971457671516937	1.93171178471743	2.614428775934562	0.45652173913043476	0.5232558139534884	1.0137515276924849	22801	22739	22825	22780	22759	22851	True
0.6464968152866242	0.5842444728162459	0.8709677419354839	1.0	81	41	46	0.5633480192954655	-1.3629911712323923	39	42	1.321727961661962	1.926339190527858	1.6240335760949098	0.5185185185185185	0.47126436781609193	0.5973624135647947	22893	22825	22912	22871	22851	22932	True
0.60828025477707	0.3531149287151709	0.8709677419354839	1.0	93	45	42	0.8119006624442441	-0.7583799423664964	48	45	1.4704120538696563	1.5702806048107405	1.5203463293401984	0.4838709677419355	0.5172413793103449	0.5799235749048729	22977	22912	22999	22954	22932	23025	True
0.35987261146496813	0.32176147846160874	0.9080459770114943	1.0	87	44	42	-0.13928694384130036	-0.6585113914254122	53	34	1.613693628170171	0.5192244475841118	1.0664590378771415	0.39080459770114945	0.5116279069767442	0.4632414843549718	23059	22999	23085	23041	23025	23112	True
0.24522292993630573	0.17502996031796678	0.7669902912621359	1.0	79	41	50	-0.41101400448467634	-1.7529805720114715	29	50	0.3274527114906434	1.341966567526795	0.8347096395087192	0.6329113924050633	0.45054945054945056	0.398687640732286	23162	23085	23176	23135	23112	23191	False
0.6210191082802548	0.17502996031796678	0.7573529411764706	1.0	103	49	44	1.132371344524603	-0.7384667159753198	47	56	1.2057011841378389	1.8708380604999229	1.538269622318881	0.5436893203883495	0.5268817204301075	0.6425125600188547	23247	23176	23269	23220	23191	23294	False
0.2802547770700637	0.08463610990032856	0.7573529411764706	1.0	136	58	49	1.0381509458272202	-0.07332983961323589	84	52	0.7430887051076365	1.111480785440456	0.9272847452740463	0.38235294117647056	0.5420560747663551	0.363166750651016	23346	23269	23376	23318	23294	23430	False
0.16560509554140126	0.04466056423940308	0.8014705882352942	0.9324324324324325	109	55	76	0.3579543780307665	0.29506224071958376	72	37	1.4082253187409206	0.06289213731118276	0.7355587280260517	0.3394495412844037	0.4198473282442748	0.479790788821183	23467	23376	23507	23452	23430	23539	False
0.4713375796178344	0.40647146806468964	0.8014705882352942	1.0	136	64	63	0.7593239040827533	-1.050270940710154	70	66	0.7355486731652673	1.8095948447929073	1.2725717589790873	0.4852941176470588	0.5039370078740157	0.6505635694677059	23605	23507	23634	23570	23539	23675	False
0.589171974522293	0.13557204531130465	0.5955882352941176	1.0	136	63	77	0.9470856488604344	0.02377523091748606	72	64	2.069025139896369	0.9233104179429484	1.4961677789196588	0.47058823529411764	0.45	0.605641222545219	23739	23634	23774	23711	23675	23811	False
0.04777070063694268	0.13557204531130465	0.3403361344537815	1.0	81	41	54	-0.8414375210196756	-1.1219394910359346	46	35	0.6096706817675812	0.280501970016259	0.4450863258919201	0.43209876543209874	0.43157894736842106	0.26987543044670337	23846	23774	23869	23828	23811	23892	False
0.8152866242038217	0.2073256354304013	0.3319327731092437	0.9330357142857143	238	145	84	1.4895348127372086	-1.4511082027872568	112	126	1.2260599134616255	2.9406430155244654	2.0833514644930453	0.5294117647058824	0.6331877729257642	0.32497055381558904	24018	23869	24098	23953	23892	24130	False
0.11464968152866242	0.3029285883996754	0.3319327731092437	1.0	79	40	49	0.6348834981539415	0.26347489927558315	46	33	0.9258783482102686	0.37140859887835836	0.6486434735443135	0.4177215189873418	0.449438202247191	0.2582309330066202	24163	24098	24187	24147	24130	24209	False
0.35668789808917195	0.4875679848555647	0.8061224489795918	1.0	98	48	46	0.9294177135714891	-0.290994850056327	48	50	0.9067926393239736	1.220412563627816	1.0636026014758948	0.5102040816326531	0.5106382978723404	0.4076753987195263	24259	24187	24281	24233	24209	24307	False
0.6624203821656051	0.15363504905529923	0.8099173553719008	1.0	121	61	45	0.46474813408456417	0.022625074247515448	82	39	2.8777486814087023	0.4421230598370487	1.6599358706228755	0.32231404958677684	0.5754716981132075	0.8110573482866643	24346	24281	24387	24326	24307	24428	False
0.7611464968152867	0.5191355940863294	0.7323943661971831	1.0	142	57	105	0.12281515345815541	-2.4130005473241383	37	105	1.3164321903190577	2.535815700782294	1.9261239455506758	0.7394366197183099	0.35185185185185186	0.7446256386965513	24533	24387	24549	24492	24428	24570	True
0.5987261146496815	0.5402871544326895	0.7323943661971831	1.0	104	52	45	0.2079125720729291	-1.1936170368609023	56	48	1.6206876484488573	1.4015296089338314	1.5111086286913444	0.46153846153846156	0.5360824742268041	0.752107972055155	24618	24549	24646	24594	24570	24674	True
0.7770700636942676	0.3295700659186924	0.8073394495412844	1.0	109	53	61	1.586903215347676	-1.4127750763759281	43	66	0.988604172338219	2.9996782917236042	1.9941412320309115	0.6055045871559633	0.4649122807017544	1.0189671473454478	24740	24646	24760	24707	24674	24783	True
0.34076433121019106	0.45767534945208116	0.6423357664233577	1.0	88	44	41	1.2435848910486658	0.5982990430094571	51	37	1.4099204792474198	0.6452858480392086	1.0276031636433143	0.42045454545454547	0.5176470588235295	0.46721832067591806	24820	24760	24845	24801	24783	24871	True
0.6656050955414012	0.22235271332871823	0.635036496350365	1.0	137	75	56	1.4781805877085308	-0.16633558819875408	68	69	1.6791257296068003	1.6445161759072848	1.6618209527570427	0.5036496350364964	0.5725190839694656	0.7870556683400479	24940	24845	24976	24901	24871	25008	True
0.1751592356687898	0.22235271332871823	0.5240963855421686	1.0	87	43	48	0.17241302009986625	-0.20094514189826945	53	34	1.125774151846115	0.3733581619981357	0.7495661569221254	0.39080459770114945	0.4725274725274725	0.29145449049668576	25042	24976	25067	25024	25008	25095	True
0.945859872611465	0.4663934572498044	0.5240963855421686	1.0	166	62	101	1.4604251989722385	-0.9533611317462489	61	105	3.5202189520372897	2.4137863307184872	2.9670026413778885	0.6325301204819277	0.3803680981595092	1.211660240778692	25200	25067	25230	25168	25095	25261	True
0.7006369426751592	0.038670958231576937	0.6832298136645962	1.0	161	109	68	1.3343148867407515	-2.059793753065051	27	134	0.1312534334433646	3.3941086398058027	1.7626810366245835	0.8322981366459627	0.615819209039548	0.5050377937234249	25395	25230	25407	25298	25261	25422	False
0.46496815286624205	0.07424815120399471	0.6832298136645962	1.0	110	52	37	1.646060933843377	1.203061453297387	70	40	2.0965814594510612	0.44299948054599003	1.2697904699985256	0.36363636363636365	0.5842696629213483	0.3938760732792117	25462	25407	25496	25444	25422	25532	False
0.1305732484076433	0.07424815120399471	0.7181818181818181	1.0	79	41	48	-0.29485322839487005	-0.45052052560768435	55	24	1.2031896610708133	0.1556672972128143	0.6794284791418138	0.3037974683544304	0.4606741573033708	0.3528390685286678	25556	25496	25585	25544	25532	25611	False
0.06369426751592357	0.04224993767495047	0.544	1.0	68	33	51	-0.5869459992893742	-1.4980428894656832	18	50	0.0788728184227735	0.911096890176309	0.49498485429954125	0.7352941176470589	0.39285714285714285	0.40639878517590866	25661	25585	25669	25636	25611	25679	False
0.9490445859872612	0.04224993767495047	0.544	1.0	125	62	45	1.2009962064798603	-0.6658188177121477	55	70	4.125808749065483	1.8668150241920078	2.996311886628745	0.56	0.5794392523364486	1.6629343368889398	25749	25669	25776	25714	25679	25804	False
0.9936305732484076	0.18555490094419505	0.630057803468208	1.0	173	85	59	2.3028271160688667	-2.9248125425856224	107	66	3.4825081274819225	5.227639658654489	4.355073893068206	0.3815028901734104	0.5902777777777778	1.6112025107615866	25870	25776	25920	25835	25804	25977	False
0.2229299363057325	0.18555490094419505	0.630057803468208	1.0	109	53	77	-0.5334845607807935	-1.1796810114130558	67	42	0.988792615664999	0.6461964506322623	0.8174945331486306	0.3853211009174312	0.4076923076923077	0.5681737955443106	26019	25920	26050	25997	25977	26086	False
0.7866242038216561	0.40238904167784145	0.8257575757575758	1.0	132	62	75	0.9350278523940356	-1.5222771764457925	59	73	1.5463255699269083	2.457305028839828	2.0018152993833684	0.553030303030303	0.45255474452554745	0.8699863138965263	26159	26050	26187	26125	26086	26218	False
0.18471337579617833	0.4576170908751981	0.8636363636363636	1.0	114	57	54	0.09632729132301171	-0.6112977175328728	63	51	0.8133639233428585	0.7076250088558844	0.7604944660993714	0.4473684210526316	0.5135135135135135	0.41335066578847957	26269	26187	26298	26241	26218	26332	False
0.21656050955414013	0.09979674322446157	0.8561151079136691	1.0	119	53	86	0.7346765560116326	-0.7170366320198467	28	91	0.17039144435446263	1.4517131880314793	0.811052316192971	0.7647058823529411	0.381294964028777	0.3078913266857344	26423	26298	26437	26384	26332	26451	False
0.643312101910828	0.04937234126906446	0.7266187050359713	1.0	139	60	47	2.2716699305306713	0.56428511165717	76	63	1.5108482769770002	1.7073848188735012	1.6091165479252507	0.45323741007194246	0.5607476635514018	0.580591110559342	26514	26437	26544	26484	26451	26590	False
0.1178343949044586	0.04937234126906446	0.7266187050359713	1.0	101	56	61	0.8354157702903575	0.760821653553671	68	33	1.2297698404833595	0.07459411673668648	0.6521819786100229	0.32673267326732675	0.47863247863247865	0.3722411205792944	26623	26544	26661	26605	26590	26691	False
0.3535031847133758	0.704982868200268	0.9108910891089109	1.0	92	46	52	0.48282625134603885	-0.3943540701930019	48	44	1.2442576424280651	0.8771803215390408	1.060718981983553	0.4782608695652174	0.46938775510204084	0.5121218953492421	26735	26661	26759	26713	26691	26783	False
0.3662420382165605	0.8371560007247115	0.8504672897196262	1.0	91	45	46	0.28020636072421096	-0.7614313910820263	46	45	1.1319502766860323	1.0416377518062372	1.0867940142461348	0.4945054945054945	0.4945054945054945	0.4473785189047891	26828	26759	26850	26805	26783	26874	False
0.5509554140127388	0.19544872715298947	0.6822429906542056	1.0	107	52	49	0.46382254621335206	-0.8517439159618214	57	50	1.4699018953824476	1.3155664621751735	1.3927341787788106	0.4672897196261682	0.5148514851485149	0.6556366604992556	26924	26850	26951	26899	26874	26981	False
0.041401273885350316	0.19544872715298947	0.6822429906542056	1.0	73	37	46	-0.7187888946768295	-1.0060793491690956	41	32	0.5460829343552769	0.2872904544922661	0.4166866944237715	0.4383561643835616	0.4457831325301205	0.2186346368094882	27013	26951	27034	26997	26981	27054	False
0.21019108280254778	0.12656293938338234	0.415	1.0	83	42	47	0.16170007054705265	-1.2648718290321064	27	56	0.18055113285247368	1.426571899579159	0.8035615162158163	0.6746987951807228	0.47191011235955055	0.28481678474139516	27110	27034	27123	27081	27054	27137	False
0.7038216560509554	0.2083601557864049	0.415	1.0	200	98	40	0.8476828110785146	-0.01885106230542103	145	55	2.6699114302333014	0.8665338733839356	1.7682226518086184	0.275	0.7101449275362319	0.6256853389067064	27192	27123	27261	27163	27137	27337	True
0.9044585987261147	0.48653877890698544	0.4564102564102564	0.8888888888888888	195	127	118	1.7872530781390592	-1.8222286191547865	51	144	1.7561528174884609	3.6094816972938455	2.6828172573911533	0.7384615384615385	0.5183673469387755	0.7087899201089072	27481	27261	27506	27379	27337	27532	True
0.3248407643312102	0.2270885205798155	0.4564102564102564	1.0	89	44	44	0.8887782914977822	0.031100260650598364	50	39	1.1392043439833905	0.8576780308471839	0.9984411874152872	0.43820224719101125	0.5	0.40859420094494625	27571	27506	27594	27550	27532	27621	True
0.22611464968152867	0.18774743057327417	0.9318181818181818	1.0	88	45	41	0.008274176627679049	-0.25042605248560834	58	30	1.3779162160747744	0.2587002291132874	0.8183082225940309	0.3409090909090909	0.5232558139534884	0.3896718634374263	27651	27594	27680	27635	27621	27709	False
0.07006369426751592	0.12575974877320278	0.7522935779816514	1.0	82	42	52	-0.5853748855569764	-1.3696420394470954	32	50	0.2280858989222947	0.784267153890119	0.5061765264062068	0.6097560975609756	0.44680851063829785	0.32705423868439637	27759	27680	27774	27732	27709	27791	False
0.3853503184713376	0.12575974877320278	0.7522935779816514	1.0	109	54	52	1.0002029763606826	-0.8134607844792711	38	71	0.4182880173306772	1.8136637608399537	1.1159758890853155	0.6513761467889908	0.5094339622641509	0.4943890956000667	27862	27774	27880	27826	27791	27900	False
0.37579617834394907	0.40092019994419026	0.89	1.0	100	49	46	1.6252348451043528	0.5819149590300053	49	51	1.1628558367063364	1.0433198860743476	1.103087861390342	0.51	0.5157894736842106	0.41678701250544387	27951	27880	27975	27926	27900	28000	True
0.5031847133757962	0.3476503831667271	0.89	1.0	89	45	43	1.1557342287878858	0.46237900839801643	52	37	1.994403728464606	0.6933552203898694	1.3438794744272378	0.4157303370786517	0.5113636363636364	0.5079085932672869	28037	27975	28063	28018	28000	28089	True
0.6050955414012739	0.5514535561826621	0.9425287356321839	1.0	87	44	45	0.26115152884904724	-0.8386694996767201	48	39	1.927433852504699	1.0998210285257675	1.5136274405152332	0.4482758620689655	0.4943820224719101	0.6138853090961104	28128	28063	28152	28108	28089	28176	True
0.45222929936305734	0.5417555482022589	0.8367346938775511	1.0	82	42	44	-0.2823825514016694	-1.6662823236556519	40	42	1.1028502159172362	1.3838997722539825	1.2433749940856094	0.5121951219512195	0.4883720930232558	0.43024392723092464	28218	28152	28238	28196	28176	28258	True
0.6847133757961783	0.41876837435580866	0.6282051282051282	1.0	98	48	44	0.6504643650443767	-1.3852327673189055	48	50	1.4569137264883218	2.035697132363282	1.746305429425802	0.5102040816326531	0.5217391304347826	0.6908484632043266	28308	28238	28330	28282	28258	28356	True
0.2929936305732484	0.41876837435580866	0.6282051282051282	1.0	156	59	44	-0.19633996862576736	-0.8064493614439452	117	39	1.2951694936994158	0.6101093928181778	0.9526394432587968	0.25	0.5728155339805825	0.36814560275392255	28395	28330	28433	28374	28356	28512	True
0.5445859872611465	0.033291351573807776	0.6179775280898876	1.0	110	56	121	1.1958470728432882	-1.4915094623251832	23	87	0.0894657312164635	2.6873565351684716	1.3884111331924676	0.7909090909090909	0.3163841807909605	0.5433060986785071	28599	28433	28610	28554	28512	28622	False
0.8057324840764332	0.07404591522865339	0.48314606741573035	1.0	178	79	42	2.314628021274092	1.1063813416268247	121	57	2.937990149015933	1.2082466796472675	2.0731184143316	0.3202247191011236	0.6528925619834711	0.42561235460318453	28679	28610	28731	28652	28622	28800	False
0.01592356687898089	0.10214922960436273	0.40186915887850466	0.8804347826086957	86	36	87	-0.23034516736287775	-0.6233621277418409	46	40	0.16668853827148128	0.3930169603789631	0.2798527493252222	0.46511627906976744	0.2926829268292683	0.315724850729965	28840	28731	28854	28818	28800	28886	False
0.7388535031847133	0.10214922960436273	0.40186915887850466	0.8821756225425951	214	110	105	1.234780248490285	-0.397033705634359	109	105	2.0947439934188132	1.631813954124644	1.8632789737717286	0.49065420560747663	0.5116279069767442	0.5432561792322459	28991	28854	29069	28959	28886	29100	False
0.5573248407643312	0.6689151312333368	0.6915887850467289	1.0	148	88	54	0.541242208329461	-0.8599637449285285	98	50	1.3997697046367776	1.4012059532579895	1.4004878289473837	0.33783783783783783	0.6197183098591549	0.5418312381044056	29150	29069	29211	29123	29100	29248	True
0.7133757961783439	0.3736556577251654	0.7345679012345679	1.0	119	57	60	0.12414986337265176	-0.8585274963073166	74	45	2.629900924456913	0.9826773596799684	1.8062891420684406	0.37815126050420167	0.48717948717948717	0.9699161819225309	29293	29211	29328	29271	29248	29367	True
0.8089171974522293	0.48062753668853947	0.6851851851851852	1.0	162	92	76	0.30013686276886675	-2.5057510610842613	77	85	1.348587001065649	2.805887923853128	2.0772374624593883	0.5246913580246914	0.5476190476190477	1.0388578670183728	29452	29328	29496	29404	29367	29529	True
0.5063694267515924	0.3792302924793913	0.6851851851851852	1.0	111	58	64	0.9007501849100732	-1.0484501382967824	47	64	0.7391958086706598	1.9492003232068555	1.3441980659387576	0.5765765765765766	0.47540983606557374	0.7175128425094427	29593	29496	29618	29560	29529	29640	True
0.37898089171974525	0.5335689330421542	0.4444444444444444	1.0	80	38	47	1.0832010938892842	0.16155437623941332	33	47	1.3052487378306898	0.9216467176498708	1.1134477277402803	0.5875	0.4470588235294118	0.42464879381646464	29687	29618	29703	29665	29640	29720	True
0.8343949044585988	0.3953569091508	0.4444444444444444	0.9152542372881356	180	60	49	2.224213105140793	-0.2220476439414057	118	62	2.087431469364801	2.446260749082199	2.2668461092234997	0.34444444444444444	0.5504587155963303	0.7605616871477042	29782	29703	29812	29752	29720	29900	True
0.3630573248407643	0.2857256841128	0.5388888888888889	1.0	97	47	111	0.9620620895681729	0.13678163577599237	52	45	1.310200643309273	0.8252804537921805	1.0677405485507268	0.4639175257731959	0.2974683544303797	0.42709042494223265	29945	29812	29970	29923	29900	29997	True
0.25477707006369427	0.2791036356681148	0.6432160804020101	1.0	128	52	45	0.026219421393472636	-0.34813855374110003	92	36	1.3412866308188327	0.3743579751345727	0.8578223029767027	0.28125	0.5360824742268041	0.3546196502728235	30033	29970	30067	30015	29997	30125	True
0.5700636942675159	0.47447480162608996	0.5125628140703518	1.0	199	71	157	0.6457458798969059	-1.3150672094253602	56	143	0.9303564015820227	1.960813089322266	1.4455847454521442	0.7185929648241206	0.31140350877192985	0.3384576279407054	30268	30067	30295	30224	30125	30324	True
0.1942675159235669	0.6238560288937463	0.5125628140703518	1.0	102	52	52	0.3056835098141526	-0.28461052168511675	55	47	0.9462023354106381	0.5902940314992693	0.7682481834549537	0.46078431372549017	0.5	0.3761291745684282	30371	30295	30399	30347	30324	30426	True
0.14968152866242038	0.5837849807395825	0.9705882352941176	1.0	99	50	52	0.1326494614759176	-0.6405188255964855	48	51	0.6763130728718922	0.7731682870724031	0.7247406799721476	0.5151515151515151	0.49019607843137253	0.4108100785850015	30477	30399	30501	30451	30426	30525	True
0.27388535031847133	0.5706881438426762	0.6622516556291391	1.0	100	50	52	0.6148332584876737	-0.5436636113959746	44	56	0.6611404283214495	1.1584968698836482	0.9098186491025488	0.56	0.49019607843137253	0.3768166481988824	30581	30501	30603	30553	30525	30625	True
0.4554140127388535	0.553904870114623	0.6556291390728477	1.0	151	92	47	0.8435093696632854	-0.04630716983377578	97	54	1.606442888492614	0.8898165394970612	1.2481297139948375	0.3576158940397351	0.6618705035971223	0.5368302367210753	30679	30603	30742	30650	30625	30776	True
0.5318471337579618	0.542631234758727	0.6556291390728477	1.0	99	48	61	0.9420805539606166	-0.7629335188293286	45	54	1.047089093010169	1.7050140727899452	1.376051582900057	0.5454545454545454	0.44036697247706424	0.6340006946363649	30830	30742	30851	30803	30776	30875	True
0.1910828025477707	0.542631234758727	0.8383838383838383	1.0	83	42	42	0.46317470839295116	-0.1050085390495524	46	37	0.9654223177036612	0.5681832474425036	0.7668027825730823	0.4457831325301205	0.5	0.21838784065859868	30912	30851	30935	30893	30875	30958	True
0.4968152866242038	0.45414277366444106	0.8736842105263158	1.0	95	47	44	0.32609684231758174	-0.50224760931071	53	42	1.823973648076458	0.8283444516282917	1.3261590498523748	0.4421052631578947	0.5164835164835165	0.5760039532245053	31000	30935	31026	30979	30958	31053	True
0.2515923566878981	0.5103376823437351	0.6277372262773723	1.0	86	43	48	-0.4946313288234047	-1.497876805758876	42	44	0.7020835690195708	1.0032454769354713	0.852664522977521	0.5116279069767442	0.4725274725274725	0.39152789524290016	31097	31026	31117	31074	31053	31139	True
0.2898089171974522	0.3199236988948632	0.6277372262773723	1.0	137	85	54	0.17900865405160382	-1.1967148978429756	42	95	0.5082770353180357	1.3757235518945794	0.9420002936063075	0.6934306569343066	0.6115107913669064	0.4414052357421047	31234	31117	31256	31171	31139	31276	True
0.445859872611465	0.3199236988948632	0.5099009900990099	1.0	103	50	48	1.2594761758695845	-0.3292683812664319	47	56	0.8751018721853081	1.5887445571360164	1.2319232146606622	0.5436893203883495	0.5102040816326531	0.48505569846649327	31332	31256	31354	31304	31276	31379	True
0.5095541401273885	0.531754912529051	0.504950495049505	0.8972602739726028	202	71	51	1.3205259954598965	0.3843743036842764	146	56	1.7604946747426162	0.9361516917756201	1.3483231832591183	0.27722772277227725	0.5819672131147541	0.4327688850426441	31435	31354	31476	31405	31379	31581	True
0.5254777070063694	0.7898855792993078	0.504950495049505	1.0	102	49	133	0.9506206767296981	-0.4399686792827197	48	54	1.3343383244601377	1.3905893560124178	1.3624638402362779	0.5294117647058824	0.2692307692307692	0.6130653564812435	31635	31476	31658	31609	31581	31683	True
0.5796178343949044	0.5337542800112917	0.8787878787878788	1.0	99	50	46	0.739797380312421	-0.3837176477304396	55	44	1.8328955691007511	1.1235150280428607	1.478205298571806	0.4444444444444444	0.5208333333333334	0.6787008627471165	31727	31658	31754	31704	31683	31782	True
0.1464968152866242	0.2781531967563059	0.7767857142857143	1.0	87	44	51	-0.1147823339670721	-1.0930981887883302	38	49	0.45772613985949945	0.978315854821258	0.7180209973403787	0.5632183908045977	0.4631578947368421	0.4408243652138236	31831	31754	31849	31805	31782	31869	True
0.6305732484076433	0.2781531967563059	0.7767857142857143	1.0	112	55	51	1.073081600985763	-0.5725084738265716	52	60	1.5138912456480602	1.6455900748123347	1.5797406602301973	0.5357142857142857	0.5188679245283019	0.7322187388533459	31929	31849	31955	31900	31869	31981	True
0.7197452229299363	0.3046511033793175	0.7596153846153846	1.0	104	51	49	1.0473706932498477	-0.44080964466229705	56	48	2.1478278117475247	1.4881803379121448	1.8180040748298347	0.46153846153846156	0.51	0.8243775217210031	32029	31955	32055	32004	31981	32085	True
0.06050955414012739	0.3046511033793175	0.7053571428571429	1.0	79	41	49	-0.4461190057800086	-1.100457118497677	37	42	0.32932826625829703	0.6543381127176684	0.4918331894879827	0.5316455696202531	0.45555555555555555	0.36719095726963535	32127	32055	32145	32104	32085	32164	False
0.19745222929936307	0.49073128371488167	0.7053571428571429	1.0	112	57	43	-0.26726310022420685	-0.7754472720383057	63	49	1.0355650611208178	0.5081841718140988	0.7718746164674584	0.4375	0.57	0.5030780209765902	32213	32145	32245	32188	32164	32276	True
0.34394904458598724	0.38298536032072844	0.875	1.0	98	49	61	0.18537222364352723	-1.3028281613450248	38	60	0.5699589606742874	1.4882003849885521	1.0290796728314198	0.6122448979591837	0.44545454545454544	0.5108776005479895	32336	32245	32355	32306	32276	32374	True
0.4872611464968153	0.40785275959507655	0.6024844720496895	1.0	97	48	45	1.0128758208789934	-0.38458673703076013	46	51	1.216493139591724	1.3974625579097535	1.3069778487507389	0.5257731958762887	0.5161290322580645	0.5364262550760298	32425	32355	32448	32400	32374	32471	True
0.410828025477707	0.5921047197322983	0.6024844720496895	0.8590909090909091	161	47	48	1.2800920599742769	-0.20361731871273064	110	51	0.878511325831653	1.4837093786870075	1.1811103522593303	0.3167701863354037	0.49473684210526314	0.39296053234902306	32522	32448	32543	32496	32471	32632	True
0.6687898089171974	0.26581605874058967	0.49382716049382713	0.9098360655737705	162	107	109	1.1019283905679276	0.40158073414262385	122	40	2.634707849267956	0.7003476564253037	1.66752775284663	0.24691358024691357	0.49537037037037035	0.27162084178882573	32672	32543	32759	32652	32632	32794	True
0.3343949044585987	0.2551084123045738	0.3187250996015936	1.0	80	40	54	-0.48268703692626147	-1.5327794587000287	40	40	0.9662605023774247	1.0500924217737673	1.008176462075596	0.5	0.425531914893617	0.40588219025302263	32834	32759	32853	32813	32794	32874	False
0.9808917197452229	0.2551084123045738	0.3187250996015936	0.9312977099236641	251	117	113	2.3386990288690903	-1.4489475393036861	120	131	3.689964705028457	3.7876465681727765	3.738805636600617	0.5219123505976095	0.508695652173913	0.7783375522138143	33005	32853	33083	32966	32874	33125	False
0.9394904458598726	0.36698647177570287	0.43824701195219123	1.0	110	54	67	1.3526876845729157	-1.3512656761593669	59	51	3.2124768867477567	2.7039533607322825	2.9582151237400196	0.4636363636363636	0.4462809917355372	1.5720221682086757	33176	33083	33204	33150	33125	33235	False
0.12420382165605096	0.09479788429286078	0.7454545454545455	1.0	82	44	54	-0.6808536438462875	-1.859789202174841	29	53	0.15378128929348	1.1789355583285535	0.6663584238110167	0.6463414634146342	0.4489795918367347	0.49697242864656715	33288	33204	33302	33258	33235	33317	False
0.2961783439490446	0.09479788429286078	0.7663551401869159	1.0	107	53	51	0.7875667693623765	-0.8346349331397676	35	72	0.28419264282816603	1.622201702502144	0.953197172665155	0.6728971962616822	0.5096153846153846	0.3699609842571716	33389	33302	33406	33353	33317	33424	False
0.47770700636942676	0.22130381881800104	0.5291479820627802	1.0	118	57	40	0.9668330874237347	0.5033741265342104	76	42	2.09422034994647	0.4634589608895243	1.2788396554179973	0.3559322033898305	0.5876288659793815	0.5417094333799027	33466	33406	33503	33446	33424	33542	True
0.15605095541401273	0.3284517668942325	0.4170403587443946	0.9638888888888889	223	154	88	-0.0309287887900399	-1.1273872625227352	43	180	0.3601337230236572	1.0964584737326954	0.7282960983781763	0.8071748878923767	0.6363636363636364	0.2671179521107089	33722	33503	33745	33591	33542	33765	True
0.2484076433121019	0.36669845247673327	0.4170403587443946	1.0	93	45	47	0.5910352325080012	-0.3910625118136971	41	52	0.7022591632221323	0.9820977443216983	0.8421784537719152	0.5591397849462365	0.4891304347826087	0.31705404595686476	33817	33745	33837	33792	33765	33858	True
0.40764331210191085	0.6040028468866188	0.5602409638554217	1.0	166	55	46	1.0514513229572442	-0.1112239307141312	115	51	1.1335235329804767	1.1626752536713754	1.148099393325926	0.3072289156626506	0.5445544554455446	0.4401663772282835	33909	33837	33938	33883	33858	34024	True
0.5159235668789809	0.5814027226527404	0.7650602409638554	1.0	127	59	127	1.367579572387658	-0.08207221002323259	54	73	1.2721314511385882	1.4496517824108905	1.3608916167747394	0.5748031496062992	0.3172043010752688	0.6060022725786086	34097	33938	34124	34065	34024	34151	True
0.40445859872611467	0.47826811466559876	0.8559322033898306	1.0	118	58	49	0.8350688105132267	0.09544812124906998	72	46	1.5464561959797247	0.7396206892641567	1.1430384426219407	0.3898305084745763	0.5420560747663551	0.5405397420289779	34197	34124	34231	34173	34151	34269	True
0.2611464968152866	0.5614147886313229	0.7722772277227723	1.0	101	50	64	0.15681599292705867	-0.711387385466498	49	52	0.8537507700585831	0.8682033783935568	0.86097707422607	0.5148514851485149	0.43859649122807015	0.45059169417813183	34321	34231	34345	34295	34269	34370	True
0.054140127388535034	0.541405878953387	0.7722772277227723	1.0	78	40	45	-0.11221864862454131	-0.6969347771315244	35	43	0.31656874949254477	0.5847161285069831	0.4506424389997639	0.5512820512820513	0.47058823529411764	0.13774145323587492	34413	34345	34430	34390	34370	34448	False
0.15286624203821655	0.5724099354412729	0.8387096774193549	1.0	93	46	40	0.09965208605526782	-0.4287873981170861	50	43	0.9231836337099528	0.5284394841723539	0.7258115589411533	0.46236559139784944	0.5348837209302325	0.3702245715430757	34491	34430	34516	34470	34448	34541	False
0.11146496815286625	0.1991190067106141	0.6793893129770993	1.0	89	46	51	0.13688302510283798	-0.8235315476546851	34	55	0.2549244071726253	0.9604145727575231	0.6076694899650742	0.6179775280898876	0.4742268041237113	0.29251315232780856	34596	34516	34613	34567	34541	34630	False
0.5764331210191083	0.0	0.5648854961832062	1.0	131	65	49	1.162220162942412	-0.11804138206978737	68	63	1.6370202519240589	1.2802615450121995	1.4586408984681292	0.48091603053435117	0.5701754385964912	0.544625135122145	34693	34613	34727	34662	34630	34761	False
0.07643312101910828	0.0	0.27611940298507465	0.5	74	32	35	-0.49058184298095264	-0.47480008898164683	73	1	1.051750143321426	-0.015781753999305814	0.5179841946610602	0.013513513513513514	0.47761194029850745	0.32174918591845947	34762	34727	34794	34762	34761	34835	False
0.9777070063694268	0.2641050059556698	0.27611940298507465	1.0	268	82	124	2.4399861053810588	-1.5423319863023788	143	125	3.2868687723056986	3.9823180916834375	3.634593431994568	0.4664179104477612	0.39805825242718446	0.9879140921863621	34960	34794	35000	34918	34835	35103	False
0.8853503184713376	0.6808282789105434	0.5209790209790209	1.0	149	67	141	1.39091054232906	-0.8468826669246396	79	70	2.979598761683701	2.2377932092536996	2.6086959854687004	0.4697986577181208	0.32211538461538464	1.2643332073583242	35173	35000	35208	35141	35103	35252	False
0.8471337579617835	0.567371534347945	0.46853146853146854	0.904109589041096	286	154	131	1.4053146526168345	-1.5886882193546414	146	140	1.6987120033126102	2.994002871971476	2.346357437642043	0.48951048951048953	0.5403508771929825	0.5430384752265612	35392	35208	35493	35339	35252	35538	False
0.8121019108280255	0.14417266055334357	0.46853146853146854	1.0	134	62	83	1.4701817023169355	-0.29339735069577555	65	69	2.393105871151356	1.7635790530127111	2.0783424620820337	0.5149253731343284	0.42758620689655175	0.9751444283277645	35607	35493	35638	35576	35538	35672	False
0.24203821656050956	0.14417266055334357	0.3904761904761905	1.0	82	50	47	-0.5779037284047028	-0.9229241688344209	53	29	1.324384782469039	0.345020440429718	0.8347026114493785	0.35365853658536583	0.5154639175257731	0.4044180888107271	35701	35638	35735	35685	35672	35754	False
0.7420382165605095	0.5322682122855974	0.3904761904761905	1.0	210	125	69	0.5350457573767933	-1.9022885108737417	69	141	1.297315553704137	2.437334268250535	1.867324910977336	0.6714285714285714	0.6443298969072165	0.6211447582627426	35895	35735	35929	35804	35754	35964	False
0.8598726114649682	0.19146379054492277	0.680952380952381	1.0	143	65	77	1.4816302491042186	-0.7622697963273436	67	76	2.574706604615976	2.243900045431562	2.409303325023769	0.5314685314685315	0.45774647887323944	1.0908969837511417	36040	35929	36071	36006	35964	36107	False
0.07961783439490445	0.19146379054492277	0.7839506172839507	1.0	127	83	58	-0.6001132694509346	-1.093076355511757	55	72	0.5622585638952573	0.4929630860608225	0.5276108249780399	0.5669291338582677	0.5886524822695035	0.49262251338182805	36179	36071	36212	36129	36107	36234	False
0.46178343949044587	0.0742504141064067	0.6234567901234568	0.8032377428307123	162	113	58	1.19052048236471	-1.1623718333461919	47	115	0.17470322878931666	2.3528923157109016	1.263797772250109	0.7098765432098766	0.6608187134502924	0.4263904202799554	36349	36212	36383	36270	36234	36396	False
0.3980891719745223	0.17839777194814127	0.6234567901234568	1.0	101	48	37	1.8507523386063802	1.0158172535753933	55	46	1.4390779644430496	0.8349350850309869	1.1370065247370182	0.45544554455445546	0.5647058823529412	0.28008002064932047	36442	36383	36468	36420	36396	36497	False
0.6019108280254777	0.09267366083908606	0.7426470588235294	1.0	136	68	42	0.668402676679637	0.4116743741633305	108	28	2.770240219193205	0.2567283025163065	1.5134842608547558	0.20588235294117646	0.6181818181818182	0.7353447597918477	36525	36468	36578	36510	36497	36633	False
1.0	0.27937465375171244	0.6666666666666666	1.0	120	57	87	2.4605628565517765	-2.101837542513568	59	61	4.2873447071323945	4.562400399065345	4.4248725530988695	0.5083333333333333	0.3958333333333333	2.132513274647882	36694	36578	36722	36665	36633	36753	True
0.21337579617834396	0.27937465375171244	0.6666666666666666	1.0	80	42	51	-0.6290064075112678	-1.8267818505806175	35	45	0.4114578424214097	1.1977754430693497	0.8046166427453797	0.5625	0.45161290322580644	0.6884582957875406	36798	36722	36815	36773	36753	36833	True
0.33121019108280253	0.32149917200187195	0.6153846153846154	1.0	104	52	45	-0.005351579491714724	-1.0404642499326775	51	53	0.964510615972305	1.0351126704409628	0.999811643206634	0.5096153846153846	0.5360824742268041	0.7080181630470365	36886	36815	36912	36860	36833	36937	True
0.8757961783439491	0.32149917200187195	0.5384615384615384	1.0	169	89	76	2.0301785510380865	-0.9698621954640197	59	110	2.097657776990101	3.000040746502106	2.5488492617461036	0.650887573964497	0.5393939393939394	0.8556207556899982	37047	36912	37077	36988	36937	37106	True
0.5127388535031847	0.45985425074016917	0.47150259067357514	1.0	91	46	49	0.8971376193950575	-0.06747922595201429	50	41	1.739500600600726	0.9646168453470718	1.352058722973899	0.45054945054945056	0.4842105263157895	0.6201831096898109	37147	37077	37172	37126	37106	37197	True
0.9426751592356688	0.48412278220335997	0.47150259067357514	1.0	193	120	51	1.088593810957197	-0.8423629812056687	138	55	3.9885683201575723	1.9309567921628656	2.9597625561602188	0.2849740932642487	0.7017543859649122	0.7559842171981455	37252	37172	37343	37223	37197	37390	True
0.4012738853503185	0.0	0.535	0.5	107	63	91	-0.6104570355162182	-2.8999745092003755	1	106	-0.01522744127019604	2.2895174736841573	1.1371450162069805	0.9906542056074766	0.4090909090909091	0.5639897273554546	37496	37343	37497	37434	37390	37497	False
0.8375796178343949	0.0	0.535	1.0	200	112	62	2.231999005418137	-0.5952295942460222	53	147	1.7446188965132332	2.827228599664159	2.2859237480886963	0.735	0.6436781609195402	0.4375749855748699	37644	37497	37671	37559	37497	37697	False
0.5828025477707006	0.0	0.6048387096774194	1.0	124	50	46	1.6251071421375707	0.4873801089049039	82	42	1.8220421458022114	1.1377270332326668	1.479884589517439	0.3387096774193548	0.5208333333333334	0.5410820924082055	37739	37671	37767	37717	37697	37821	False
0.03503184713375796	0.0	0.5067567567567568	0.5	75	28	55	-0.20517596563859947	-0.19693500366464062	74	1	0.7707156922381806	-0.008240961973958849	0.3812373651321109	0.013333333333333334	0.3373493975903614	0.3201973941498694	37822	37767	37850	37822	37821	37896	False
0.43630573248407645	0.0	0.5067567567567568	1.0	148	59	83	0.6388944515053518	-0.97589165787678	79	69	0.8367790957592074	1.6147861093821319	1.2257826025706695	0.46621621621621623	0.4154929577464789	0.4613985390437148	37965	37850	37992	37933	37896	38044	False
0.03184713375796178	0.0	0.5472972972972973	0.5	81	28	53	-0.2067200833981669	-0.19788464425385555	80	1	0.7509474292048237	-0.008835439144311341	0.3710559950302562	0.012345679012345678	0.345679012345679	0.09407922855799128	38045	37992	38073	38045	38044	38125	False
0.0031847133757961785	0.0	0.3024390243902439	0.6333333333333333	62	23	74	-0.9256662262383712	-0.9576675126029907	35	27	-0.002457149870481179	0.03200128636461941	0.014772068247069114	0.43548387096774194	0.23711340206185566	0.24516224032910464	38152	38073	38170	38147	38125	38187	False
0.821656050955414	0.0	0.3024390243902439	0.90625	205	125	59	1.2316826734133524	-0.9232090763678901	128	77	2.093323005370892	2.1548917497812425	2.1241073775760673	0.375609756097561	0.6793478260869565	0.5146008111777749	38264	38170	38354	38229	38187	38392	False
0.01910828025477707	0.0	0.4097560975609756	0.45180722891566266	84	20	102	-0.258872875125171	-0.8616403319575399	1	83	-0.020445078133187577	0.6027674568323689	0.2911611893495907	0.9880952380952381	0.16393442622950818	0.2973726281890174	38475	38354	38476	38456	38392	38476	False
0.6751592356687898	0.0	0.5029940119760479	0.9032258064516129	167	57	62	1.6595503023841767	-0.2384277969919834	74	93	1.4460068734582938	1.8979780993761601	1.6719924864172269	0.5568862275449101	0.4789915966386555	0.37601596409121424	38569	38476	38595	38538	38476	38643	False
0.1624203821656051	0.0	0.3161764705882353	0.5	86	33	49	0.20642721351743487	0.21354342892588288	85	1	1.4699956157227643	-0.007116215408448007	0.7314397001571581	0.011627906976744186	0.4024390243902439	0.4132534435296747	38644	38595	38677	38644	38643	38729	False
0.7292993630573248	0.6923255601314721	0.3161764705882353	0.9109947643979057	272	88	97	0.8597037985835787	-1.2635684022053293	191	81	1.5467288051740313	2.123272200788908	1.8350005029814698	0.2977941176470588	0.4756756756756757	0.4434890421474891	38810	38677	38862	38774	38729	39001	False
0.42038216560509556	0.5035489203633301	0.6184971098265896	0.8636363636363636	173	84	171	0.908797438849383	-0.6870250065904525	110	63	0.8035746694927984	1.5958224454398355	1.199698557466317	0.36416184971098264	0.32941176470588235	0.43160705491320933	39064	38862	39117	39033	39001	39174	False
0.5414012738853503	0.23047919720241566	0.6184971098265896	1.0	107	51	82	1.2659622894768425	0.10522276935658456	58	49	1.6085090018487427	1.160739520120258	1.3846242609845003	0.45794392523364486	0.38345864661654133	0.5943177670185334	39223	39117	39250	39199	39174	39281	False
0.08917197452229299	0.23047919720241566	0.852112676056338	1.0	121	55	48	0.02818115106705696	-0.34254671237190015	83	38	0.7317020500177378	0.37072786343895714	0.5512149567283475	0.3140495867768595	0.5339805825242718	0.257617385312325	39319	39250	39353	39298	39281	39402	False
0.006369426751592357	0.051468326935959145	0.570281124497992	0.7987421383647799	142	42	135	-0.45824162125307333	-0.7035208989506808	36	106	0.10006148009485405	0.2452792776976075	0.17267037889623077	0.7464788732394366	0.23728813559322035	0.18709028108860717	39508	39353	39530	39488	39402	39544	False
0.8184713375796179	0.051468326935959145	0.570281124497992	0.9556213017751479	249	109	53	1.3858339252812508	-0.5583031013479274	169	80	2.257896033962523	1.9441370266291782	2.101016530295851	0.321285140562249	0.6728395061728395	0.4780914778571227	39624	39530	39692	39583	39544	39793	False
0.7579617834394905	0.7217480881259862	0.7068273092369478	1.0	176	104	130	0.7575700370184258	-0.8720621086812723	119	57	2.1927842629012435	1.629632145699698	1.9112082043004708	0.32386363636363635	0.4444444444444444	0.6669746235931311	39850	39692	39926	39822	39793	39969	False
0.6273885350318471	0.7837908854084762	0.5857988165680473	0.8771929824561404	169	112	70	0.28347009304632104	-1.4352142258828176	114	55	1.4251262593542722	1.7186843189291385	1.5719052891417054	0.3254437869822485	0.6153846153846154	0.6013188540235435	40024	39926	40108	39996	39969	40138	False
0.2070063694267516	0.10220018613377253	0.5857988165680473	0.8518518518518519	99	47	53	0.28515507736703266	-1.1416561663079512	54	45	0.14582037468134282	1.4268112436749838	0.7863158091781633	0.45454545454545453	0.47	0.46754211182140964	40183	40108	40208	40161	40138	40237	False
0.18152866242038215	0.17704162432393042	0.4251012145748988	1.0	105	50	60	0.9629849331791553	0.13933470268568984	48	57	0.6955681653645134	0.8236502304934655	0.7596091979289894	0.5428571428571428	0.45454545454545453	0.3487508650289953	40294	40208	40318	40268	40237	40342	False
0.3057324840764331	0.5937009525385927	0.4251012145748988	0.7356212161095026	247	124	49	0.9844858910696392	0.26741676781464196	131	116	1.2077951369100848	0.7170691232549973	0.962432130082541	0.46963562753036436	0.7167630057803468	0.24599983223118974	40458	40318	40491	40367	40342	40589	False
0.39490445859872614	0.5783734766997438	0.6234817813765182	1.0	154	95	122	0.6074850435301629	-0.22330924584044554	104	50	1.4364322065928796	0.8307942893706084	1.133613247981744	0.3246753246753247	0.4377880184331797	0.4944294698461654	40639	40491	40708	40613	40589	40743	True
0.6401273885350318	0.6483691077812332	0.6909722222222222	0.9241379310344828	199	120	61	0.43315312026355385	-0.8289471630627168	145	54	1.9465768312825245	1.2621002833262707	1.6043385573043976	0.271356783919598	0.6629834254143646	0.49072055518849383	40797	40708	40889	40769	40743	40942	True
0.6114649681528662	0.4771564881214483	0.4131944444444444	1.0	288	133	158	0.5469030499705293	-1.5134237110189706	133	155	0.9830982816563882	2.0603267609894997	1.5217125213229439	0.5381944444444444	0.4570446735395189	0.27877857266811834	41097	40889	41180	41047	40942	41230	True
0.2643312101910828	0.5666492315259916	0.4131944444444444	1.0	119	56	89	0.6053883578153575	-0.436195231685859	47	72	0.6842979085259849	1.0415835895012164	0.8629407490136007	0.6050420168067226	0.38620689655172413	0.46025394806349834	41302	41180	41325	41269	41230	41349	True
0.5668789808917197	0.5666492315259916	0.7	1.0	170	70	51	1.128712149725045	-0.07890955071062748	115	55	1.6585070437826939	1.2076217004356724	1.4330643721091831	0.3235294117647059	0.5785123966942148	0.49376267351978725	41404	41325	41446	41376	41349	41519	True
0.7515923566878981	0.5262364223068083	0.7391304347826086	1.0	230	151	101	0.7718661030421106	-0.5297948940576489	173	57	2.4735288967529128	1.3016609970997595	1.887594946926336	0.24782608695652175	0.5992063492063492	0.4717998634666585	41576	41446	41698	41547	41519	41749	True
0.6178343949044586	0.4471576363677117	0.5967741935483871	0.9132231404958677	186	108	81	0.33405832228704296	-1.7016627937108024	121	65	1.0374555651039137	2.035721115997845	1.5365883405508796	0.34946236559139787	0.5714285714285714	0.7535675991326019	41814	41698	41887	41779	41749	41935	True
0.7898089171974523	0.4471576363677117	0.5967741935483871	1.0	111	55	68	1.6167142362830444	-0.7033972428168708	61	50	1.7438863187321338	2.320111479099915	2.0319988989160245	0.45045045045045046	0.44715447154471544	0.9931274668432729	41985	41887	42010	41955	41935	42046	True
0.39171974522292996	0.6286568327199452	0.926605504587156	1.0	109	50	75	1.1676194726751294	-0.12717208244908942	40	69	0.9629041853347896	1.2947915551242188	1.1288478702295042	0.6330275229357798	0.4	0.5678533700846459	42115	42010	42135	42085	42046	42155	True
0.7643312101910829	0.20237746680498328	0.8910891089108911	1.0	101	48	44	1.7364001990730107	0.20471528734033986	55	46	2.3422417383389544	1.5316849117326707	1.9369633250358125	0.45544554455445546	0.5217391304347826	0.7323309274227605	42201	42135	42227	42179	42155	42256	True
0.4140127388535032	0.20237746680498328	0.8910891089108911	1.0	90	45	44	-0.13182458961600568	-0.6058415392659438	58	32	1.8993063005207071	0.47401694964993807	1.1866616250853226	0.35555555555555557	0.5056179775280899	0.5964954005842075	42288	42227	42316	42271	42256	42346	True
0.37261146496815284	0.025194768889846588	0.7421875	1.0	95	52	64	0.09475862763296439	-2.031130890136713	18	77	0.05356129508555443	2.1258895177696773	1.0897254064276158	0.8105263157894737	0.4482758620689655	0.6465936957610289	42423	42316	42432	42380	42346	42441	False
0.5955414012738853	0.04338541115113457	0.5182186234817814	1.0	128	60	42	1.2757435466877307	0.041197332547409954	67	61	1.786146371580101	1.2345462141403207	1.510346292860211	0.4765625	0.5882352941176471	0.7213814527851143	42502	42432	42534	42474	42441	42569	False
0.8630573248407644	0.5434271458065393	0.4251012145748988	1.0	247	130	68	1.2209276441439276	-0.5104028248923702	178	69	3.185947706875603	1.7313304690362978	2.4586390879559503	0.2793522267206478	0.6565656565656566	0.5688038414031776	42638	42534	42732	42602	42569	42816	False
0.7165605095541401	0.6767115092485628	0.4251012145748988	1.0	105	51	113	0.19094741837511162	-1.9650200627316756	48	57	1.4769444151873323	2.1559674811067873	1.81645594814706	0.5428571428571428	0.31097560975609756	0.9803791322123956	42873	42732	42896	42845	42816	42921	False
0.3375796178343949			1.0	115	62	54	0.30238632660690645	-1.2859969968122207	49	66	0.46581973895268614	1.5883833234191271	1.0271015311859066	0.5739130434782609	0.5344827586206896	0.5446280677914034	42987	42896	43012	42950	42921	43036	False
